[tensor([[[[0.5489, 0.5856, 0.5675,  ..., 0.5402, 0.6158, 0.7100],
          [0.5541, 0.5872, 0.5137,  ..., 0.4325, 0.3990, 0.4616],
          [0.6994, 0.7096, 0.4345,  ..., 0.4598, 0.3216, 0.4619],
          ...,
          [0.8582, 0.7758, 0.4853,  ..., 0.5980, 0.4562, 0.5494],
          [0.7666, 0.8340, 0.6179,  ..., 0.6221, 0.5000, 0.4983],
          [0.7669, 0.7691, 0.5891,  ..., 0.6088, 0.4560, 0.6373]]]],
       grad_fn=<SigmoidBackward0>), tensor([[[[0.7087, 0.7508, 0.7466,  ..., 0.5792, 0.5188, 0.1840],
          [0.6773, 0.6039, 0.4396,  ..., 0.3726, 0.2720, 0.1767],
          [0.7182, 0.5723, 0.5493,  ..., 0.3474, 0.3460, 0.2580],
          ...,
          [0.9628, 0.7153, 0.5388,  ..., 0.5858, 0.5788, 0.4568],
          [0.9634, 0.8290, 0.6588,  ..., 0.5964, 0.6546, 0.5796],
          [0.9774, 0.8094, 0.7441,  ..., 0.5644, 0.5926, 0.5169]]]],
       grad_fn=<SigmoidBackward0>), tensor([[[[0.3329, 0.1928, 0.3754,  ..., 0.2998, 0.3569, 0.2465],
          [0.3004, 0.3869, 0.3784,  ..., 0.3665, 0.2918, 0.2268],
          [0.4199, 0.4410, 0.4547,  ..., 0.3414, 0.3984, 0.3026],
          ...,
          [0.3153, 0.6314, 0.6448,  ..., 0.3998, 0.3084, 0.3946],
          [0.3140, 0.4243, 0.5051,  ..., 0.4440, 0.3994, 0.3876],
          [0.3561, 0.5445, 0.4232,  ..., 0.5435, 0.4594, 0.5283]]]],
       grad_fn=<SigmoidBackward0>), tensor([[[[0.4489, 0.4908, 0.5269,  ..., 0.5550, 0.5063, 0.4364],
          [0.4437, 0.4347, 0.4950,  ..., 0.5585, 0.5541, 0.4720],
          [0.3499, 0.4036, 0.4563,  ..., 0.5608, 0.6091, 0.5085],
          ...,
          [0.2886, 0.5062, 0.5680,  ..., 0.4300, 0.4734, 0.4744],
          [0.3399, 0.4961, 0.5901,  ..., 0.4405, 0.4969, 0.5125],
          [0.5555, 0.5568, 0.6499,  ..., 0.5189, 0.5531, 0.5043]]]],
       grad_fn=<SigmoidBackward0>)]