[tensor([[[[0.4310, 0.4700, 0.4718,  ..., 0.4489, 0.4470, 0.4602],
          [0.4351, 0.4690, 0.4775,  ..., 0.4631, 0.4924, 0.4166],
          [0.4362, 0.4535, 0.4593,  ..., 0.4563, 0.4804, 0.3599],
          ...,
          [0.4616, 0.4613, 0.4179,  ..., 0.4207, 0.4225, 0.4483],
          [0.4586, 0.4621, 0.4281,  ..., 0.4351, 0.4392, 0.4546],
          [0.4750, 0.4907, 0.4664,  ..., 0.4671, 0.4666, 0.4615]]]],
       grad_fn=<SigmoidBackward0>), tensor([[[[0.4153, 0.3696, 0.3912,  ..., 0.3949, 0.4043, 0.3960],
          [0.4211, 0.3792, 0.3847,  ..., 0.3998, 0.4155, 0.3809],
          [0.4153, 0.3631, 0.3705,  ..., 0.3698, 0.4084, 0.3910],
          ...,
          [0.4151, 0.3507, 0.3166,  ..., 0.2884, 0.3371, 0.3991],
          [0.4186, 0.3648, 0.3379,  ..., 0.3150, 0.3476, 0.3936],
          [0.4456, 0.4369, 0.4150,  ..., 0.3798, 0.4003, 0.4217]]]],
       grad_fn=<SigmoidBackward0>), tensor([[[[0.3615, 0.4043, 0.3469,  ..., 0.2958, 0.3151, 0.3217],
          [0.3881, 0.4196, 0.3268,  ..., 0.2808, 0.3070, 0.3081],
          [0.3756, 0.4080, 0.3298,  ..., 0.2565, 0.3257, 0.3167],
          ...,
          [0.2600, 0.2402, 0.2306,  ..., 0.2201, 0.2561, 0.3147],
          [0.2875, 0.2746, 0.2604,  ..., 0.2579, 0.2808, 0.3275],
          [0.3162, 0.3203, 0.3122,  ..., 0.2740, 0.2918, 0.3327]]]],
       grad_fn=<SigmoidBackward0>), tensor([[[[0.3860, 0.3579, 0.3505,  ..., 0.3650, 0.3702, 0.3894],
          [0.3641, 0.3431, 0.3478,  ..., 0.3632, 0.3738, 0.3957],
          [0.3594, 0.3367, 0.3372,  ..., 0.3600, 0.3801, 0.4062],
          ...,
          [0.4017, 0.3919, 0.3828,  ..., 0.3794, 0.3881, 0.4095],
          [0.3960, 0.4085, 0.4002,  ..., 0.3911, 0.3952, 0.4146],
          [0.3939, 0.4172, 0.4211,  ..., 0.4192, 0.4218, 0.4337]]]],
       grad_fn=<SigmoidBackward0>)]