[tensor([[[[0.5425, 0.6659, 0.6295,  ..., 0.5364, 0.6392, 0.8224],
          [0.7202, 0.4948, 0.4070,  ..., 0.5220, 0.6666, 0.5137],
          [0.7769, 0.6017, 0.5213,  ..., 0.4109, 0.3873, 0.2827],
          ...,
          [0.7019, 0.6746, 0.4414,  ..., 0.4848, 0.4910, 0.4814],
          [0.7026, 0.6792, 0.5076,  ..., 0.5172, 0.5355, 0.5274],
          [0.6110, 0.5911, 0.4571,  ..., 0.5696, 0.5352, 0.5019]]]],
       grad_fn=<SigmoidBackward0>), tensor([[[[0.7868, 0.7173, 0.6574,  ..., 0.8527, 0.9508, 0.8365],
          [0.7697, 0.6396, 0.5829,  ..., 0.6948, 0.7873, 0.6601],
          [0.6510, 0.6819, 0.6231,  ..., 0.6754, 0.7155, 0.5898],
          ...,
          [0.4252, 0.5162, 0.4617,  ..., 0.3569, 0.4638, 0.3485],
          [0.4693, 0.6435, 0.5021,  ..., 0.4589, 0.5221, 0.4531],
          [0.3985, 0.5151, 0.5054,  ..., 0.4605, 0.5277, 0.3366]]]],
       grad_fn=<SigmoidBackward0>), tensor([[[[0.2790, 0.3135, 0.3665,  ..., 0.5649, 0.2354, 0.1155],
          [0.3924, 0.3449, 0.3578,  ..., 0.7643, 0.5334, 0.3170],
          [0.5129, 0.3516, 0.4015,  ..., 0.6739, 0.7133, 0.3990],
          ...,
          [0.3445, 0.3420, 0.3367,  ..., 0.4518, 0.4727, 0.2896],
          [0.3702, 0.3537, 0.3599,  ..., 0.4350, 0.3514, 0.2742],
          [0.3761, 0.4382, 0.3267,  ..., 0.5080, 0.5623, 0.3489]]]],
       grad_fn=<SigmoidBackward0>), tensor([[[[0.3893, 0.3713, 0.4036,  ..., 0.2800, 0.2943, 0.2939],
          [0.3313, 0.3303, 0.3684,  ..., 0.1603, 0.2012, 0.1916],
          [0.3205, 0.3430, 0.3980,  ..., 0.2601, 0.3713, 0.2535],
          ...,
          [0.3623, 0.3506, 0.3641,  ..., 0.4361, 0.3977, 0.4016],
          [0.3803, 0.3750, 0.3628,  ..., 0.4155, 0.3893, 0.3776],
          [0.4407, 0.3891, 0.4188,  ..., 0.4282, 0.4145, 0.3820]]]],
       grad_fn=<SigmoidBackward0>)]