[tensor([[[[0.4884, 0.5124, 0.4978,  ..., 0.4830, 0.4869, 0.4951],
          [0.4888, 0.5235, 0.4825,  ..., 0.4751, 0.4905, 0.4878],
          [0.5123, 0.5208, 0.4655,  ..., 0.4616, 0.4722, 0.4684],
          ...,
          [0.5287, 0.4907, 0.4059,  ..., 0.4202, 0.4258, 0.3625],
          [0.6321, 0.6221, 0.4813,  ..., 0.5325, 0.4608, 0.3719],
          [0.6216, 0.6737, 0.4389,  ..., 0.3705, 0.3879, 0.3511]]]],
       grad_fn=<SigmoidBackward0>), tensor([[[[0.4240, 0.3768, 0.3512,  ..., 0.3458, 0.3590, 0.3944],
          [0.4223, 0.3693, 0.3425,  ..., 0.3287, 0.3495, 0.3818],
          [0.4150, 0.3596, 0.3288,  ..., 0.3163, 0.3324, 0.3688],
          ...,
          [0.4784, 0.4454, 0.3392,  ..., 0.3408, 0.3551, 0.3066],
          [0.3719, 0.3831, 0.3632,  ..., 0.3368, 0.2985, 0.1868],
          [0.2744, 0.3896, 0.3058,  ..., 0.2451, 0.2379, 0.1056]]]],
       grad_fn=<SigmoidBackward0>), tensor([[[[0.3269, 0.3349, 0.3346,  ..., 0.3196, 0.3327, 0.3292],
          [0.2930, 0.3126, 0.3195,  ..., 0.3078, 0.3324, 0.3462],
          [0.2788, 0.2839, 0.2887,  ..., 0.2993, 0.3191, 0.3566],
          ...,
          [0.3058, 0.3224, 0.4102,  ..., 0.2059, 0.3289, 0.3504],
          [0.1943, 0.3813, 0.4689,  ..., 0.3417, 0.3238, 0.3256],
          [0.2810, 0.1791, 0.2653,  ..., 0.1936, 0.1835, 0.2471]]]],
       grad_fn=<SigmoidBackward0>), tensor([[[[0.3652, 0.3329, 0.3260,  ..., 0.3039, 0.3028, 0.3053],
          [0.3291, 0.3131, 0.3249,  ..., 0.3147, 0.3167, 0.3320],
          [0.3114, 0.3017, 0.3275,  ..., 0.3172, 0.3190, 0.3402],
          ...,
          [0.3183, 0.3481, 0.3481,  ..., 0.3385, 0.3411, 0.3634],
          [0.3351, 0.3370, 0.3685,  ..., 0.3328, 0.3361, 0.3689],
          [0.3292, 0.3488, 0.3543,  ..., 0.3203, 0.2906, 0.3256]]]],
       grad_fn=<SigmoidBackward0>)]