[tensor([[[[0.4208, 0.4506, 0.4353,  ..., 0.3869, 0.4662, 0.6173],
          [0.5030, 0.5674, 0.4933,  ..., 0.5059, 0.5734, 0.4558],
          [0.5263, 0.5815, 0.4382,  ..., 0.5131, 0.4433, 0.3009],
          ...,
          [0.4355, 0.5226, 0.4500,  ..., 0.5451, 0.4925, 0.5966],
          [0.4400, 0.5220, 0.4777,  ..., 0.5628, 0.5317, 0.5395],
          [0.3696, 0.4838, 0.4102,  ..., 0.5735, 0.5071, 0.5776]]]],
       grad_fn=<SigmoidBackward0>), tensor([[[[0.3896, 0.4359, 0.4556,  ..., 0.5851, 0.6330, 0.4280],
          [0.4168, 0.3657, 0.3669,  ..., 0.5489, 0.4901, 0.3963],
          [0.4572, 0.4003, 0.4488,  ..., 0.6183, 0.5902, 0.4903],
          ...,
          [0.3745, 0.4437, 0.3884,  ..., 0.3987, 0.4159, 0.4156],
          [0.3730, 0.4825, 0.3877,  ..., 0.3982, 0.4610, 0.4371],
          [0.3152, 0.4224, 0.4123,  ..., 0.4337, 0.4490, 0.4086]]]],
       grad_fn=<SigmoidBackward0>), tensor([[[[0.3239, 0.2129, 0.3092,  ..., 0.3095, 0.2048, 0.2055],
          [0.2696, 0.3904, 0.3785,  ..., 0.5392, 0.4521, 0.2578],
          [0.2056, 0.3465, 0.4142,  ..., 0.3595, 0.4187, 0.3076],
          ...,
          [0.2949, 0.3179, 0.3637,  ..., 0.3629, 0.3383, 0.4367],
          [0.3308, 0.3496, 0.3999,  ..., 0.2892, 0.2873, 0.3922],
          [0.3236, 0.3663, 0.3615,  ..., 0.3920, 0.3531, 0.4438]]]],
       grad_fn=<SigmoidBackward0>), tensor([[[[0.3209, 0.3243, 0.3327,  ..., 0.3745, 0.4038, 0.5772],
          [0.2709, 0.3074, 0.3215,  ..., 0.3073, 0.3966, 0.5493],
          [0.2697, 0.3045, 0.3242,  ..., 0.3975, 0.4008, 0.5312],
          ...,
          [0.3358, 0.3179, 0.3123,  ..., 0.3528, 0.3523, 0.3844],
          [0.3483, 0.3310, 0.3149,  ..., 0.3424, 0.3595, 0.3801],
          [0.3926, 0.3550, 0.3572,  ..., 0.3862, 0.3837, 0.3966]]]],
       grad_fn=<SigmoidBackward0>)]