[tensor([[[[0.6690, 0.5402, 0.4266,  ..., 0.4988, 0.5138, 0.5519],
          [0.7002, 0.6513, 0.4631,  ..., 0.5218, 0.5465, 0.5794],
          [0.7188, 0.6392, 0.4562,  ..., 0.5128, 0.5315, 0.5651],
          ...,
          [0.7387, 0.6280, 0.4556,  ..., 0.5354, 0.5441, 0.5714],
          [0.6800, 0.6376, 0.4469,  ..., 0.5348, 0.5517, 0.5731],
          [0.7087, 0.6985, 0.4971,  ..., 0.5463, 0.5624, 0.5682]]]],
       grad_fn=<SigmoidBackward0>), tensor([[[[0.5759, 0.5117, 0.4450,  ..., 0.4198, 0.4177, 0.4170],
          [0.5713, 0.5872, 0.4642,  ..., 0.4216, 0.4120, 0.4071],
          [0.5318, 0.5380, 0.4393,  ..., 0.4351, 0.4195, 0.4133],
          ...,
          [0.5995, 0.5217, 0.4562,  ..., 0.4087, 0.4106, 0.4100],
          [0.5369, 0.3596, 0.3477,  ..., 0.4083, 0.4188, 0.4307],
          [0.4162, 0.3400, 0.3819,  ..., 0.4126, 0.4281, 0.4495]]]],
       grad_fn=<SigmoidBackward0>), tensor([[[[0.3218, 0.3053, 0.4239,  ..., 0.3009, 0.3097, 0.3270],
          [0.3896, 0.2844, 0.4838,  ..., 0.3281, 0.3376, 0.3401],
          [0.4234, 0.2807, 0.4517,  ..., 0.3769, 0.3777, 0.3963],
          ...,
          [0.4376, 0.3114, 0.4451,  ..., 0.3539, 0.3580, 0.3507],
          [0.3261, 0.4516, 0.5289,  ..., 0.3863, 0.3748, 0.3696],
          [0.4694, 0.3388, 0.2268,  ..., 0.4450, 0.4359, 0.4346]]]],
       grad_fn=<SigmoidBackward0>), tensor([[[[0.3918, 0.3651, 0.4239,  ..., 0.3978, 0.3957, 0.4058],
          [0.3877, 0.3757, 0.4127,  ..., 0.3957, 0.3948, 0.4067],
          [0.3898, 0.3819, 0.4164,  ..., 0.3957, 0.3977, 0.4165],
          ...,
          [0.4450, 0.4433, 0.5011,  ..., 0.3935, 0.3975, 0.4186],
          [0.4471, 0.4554, 0.4918,  ..., 0.4061, 0.4138, 0.4269],
          [0.5059, 0.4694, 0.5147,  ..., 0.4202, 0.4255, 0.4336]]]],
       grad_fn=<SigmoidBackward0>)]