[tensor([[[[0.6670, 0.5401, 0.4269,  ..., 0.4991, 0.5135, 0.5511],
          [0.6994, 0.6513, 0.4632,  ..., 0.5223, 0.5466, 0.5787],
          [0.7187, 0.6392, 0.4555,  ..., 0.5135, 0.5317, 0.5642],
          ...,
          [0.7378, 0.6277, 0.4554,  ..., 0.5358, 0.5441, 0.5707],
          [0.6791, 0.6376, 0.4459,  ..., 0.5350, 0.5515, 0.5725],
          [0.7069, 0.6936, 0.4928,  ..., 0.5463, 0.5621, 0.5675]]]],
       grad_fn=<SigmoidBackward0>), tensor([[[[0.5759, 0.5144, 0.4484,  ..., 0.4176, 0.4162, 0.4166],
          [0.5694, 0.5886, 0.4651,  ..., 0.4193, 0.4105, 0.4059],
          [0.5303, 0.5379, 0.4394,  ..., 0.4327, 0.4177, 0.4115],
          ...,
          [0.5989, 0.5238, 0.4573,  ..., 0.4078, 0.4102, 0.4094],
          [0.5331, 0.3578, 0.3468,  ..., 0.4072, 0.4180, 0.4303],
          [0.4062, 0.3350, 0.3804,  ..., 0.4122, 0.4278, 0.4494]]]],
       grad_fn=<SigmoidBackward0>), tensor([[[[0.3208, 0.3048, 0.4233,  ..., 0.2980, 0.3068, 0.3243],
          [0.3905, 0.2850, 0.4841,  ..., 0.3288, 0.3372, 0.3402],
          [0.4220, 0.2789, 0.4519,  ..., 0.3778, 0.3789, 0.3981],
          ...,
          [0.4343, 0.3042, 0.4429,  ..., 0.3550, 0.3592, 0.3509],
          [0.3215, 0.4463, 0.5224,  ..., 0.3886, 0.3771, 0.3714],
          [0.4621, 0.3354, 0.2230,  ..., 0.4490, 0.4407, 0.4370]]]],
       grad_fn=<SigmoidBackward0>), tensor([[[[0.3932, 0.3650, 0.4242,  ..., 0.3967, 0.3944, 0.4041],
          [0.3876, 0.3767, 0.4127,  ..., 0.3949, 0.3935, 0.4044],
          [0.3897, 0.3807, 0.4158,  ..., 0.3952, 0.3963, 0.4143],
          ...,
          [0.4443, 0.4445, 0.5026,  ..., 0.3940, 0.3976, 0.4177],
          [0.4450, 0.4535, 0.4910,  ..., 0.4060, 0.4134, 0.4262],
          [0.5020, 0.4656, 0.5113,  ..., 0.4206, 0.4251, 0.4332]]]],
       grad_fn=<SigmoidBackward0>)]