[tensor([[[[0.8987, 0.5858, 0.3727,  ..., 0.5832, 0.5677, 0.5683],
          [0.8956, 0.7737, 0.4731,  ..., 0.5771, 0.5877, 0.5742],
          [0.8997, 0.8307, 0.5570,  ..., 0.5463, 0.5481, 0.5598],
          ...,
          [0.7601, 0.5397, 0.4235,  ..., 0.5646, 0.5149, 0.5055],
          [0.8291, 0.7304, 0.5623,  ..., 0.5295, 0.5268, 0.5301],
          [0.8929, 0.8482, 0.3951,  ..., 0.5537, 0.5568, 0.5309]]]],
       grad_fn=<SigmoidBackward0>), tensor([[[[0.7402, 0.6156, 0.4122,  ..., 0.4442, 0.4363, 0.4388],
          [0.5729, 0.6828, 0.4302,  ..., 0.4336, 0.4366, 0.4695],
          [0.5645, 0.6904, 0.3816,  ..., 0.4018, 0.4237, 0.4745],
          ...,
          [0.5192, 0.4805, 0.3609,  ..., 0.4109, 0.4637, 0.5012],
          [0.4610, 0.2954, 0.2926,  ..., 0.4678, 0.4688, 0.4969],
          [0.3965, 0.3986, 0.3144,  ..., 0.5063, 0.5030, 0.5067]]]],
       grad_fn=<SigmoidBackward0>), tensor([[[[0.3098, 0.2293, 0.4021,  ..., 0.3641, 0.4149, 0.4571],
          [0.2554, 0.1849, 0.3985,  ..., 0.4347, 0.5201, 0.5054],
          [0.3550, 0.1958, 0.3539,  ..., 0.4552, 0.5204, 0.5431],
          ...,
          [0.5818, 0.4127, 0.3947,  ..., 0.4283, 0.4686, 0.4918],
          [0.3970, 0.5552, 0.5091,  ..., 0.4744, 0.4563, 0.4898],
          [0.5945, 0.2592, 0.1640,  ..., 0.4714, 0.4845, 0.4978]]]],
       grad_fn=<SigmoidBackward0>), tensor([[[[0.3153, 0.2820, 0.4009,  ..., 0.4679, 0.4467, 0.4524],
          [0.3446, 0.3097, 0.3725,  ..., 0.4494, 0.4135, 0.4099],
          [0.3751, 0.3321, 0.3920,  ..., 0.4548, 0.4400, 0.4449],
          ...,
          [0.3674, 0.4069, 0.4414,  ..., 0.4843, 0.4635, 0.4724],
          [0.4633, 0.2972, 0.3793,  ..., 0.4870, 0.4699, 0.4918],
          [0.3872, 0.3800, 0.4504,  ..., 0.5119, 0.5096, 0.5178]]]],
       grad_fn=<SigmoidBackward0>)]