[tensor([[[[0.2939, 0.4055, 0.4255,  ..., 0.4335, 0.4779, 0.5385],
          [0.3406, 0.3960, 0.3735,  ..., 0.5000, 0.5031, 0.5512],
          [0.2882, 0.4603, 0.3820,  ..., 0.4555, 0.4857, 0.4373],
          ...,
          [0.4521, 0.4667, 0.4493,  ..., 0.5155, 0.5079, 0.3204],
          [0.4380, 0.4712, 0.4715,  ..., 0.6109, 0.5428, 0.3840],
          [0.3611, 0.4925, 0.5070,  ..., 0.6400, 0.4957, 0.3820]]]],
       grad_fn=<SigmoidBackward0>), tensor([[[[0.3791, 0.4651, 0.4336,  ..., 0.2987, 0.4898, 0.3238],
          [0.3843, 0.4277, 0.3669,  ..., 0.2886, 0.2650, 0.2485],
          [0.3532, 0.4133, 0.3819,  ..., 0.3512, 0.3536, 0.2991],
          ...,
          [0.4064, 0.4485, 0.3861,  ..., 0.3292, 0.3915, 0.4697],
          [0.4382, 0.4486, 0.3805,  ..., 0.3703, 0.4073, 0.4980],
          [0.4228, 0.4395, 0.3776,  ..., 0.3359, 0.3956, 0.4558]]]],
       grad_fn=<SigmoidBackward0>), tensor([[[[0.2637, 0.1882, 0.2192,  ..., 0.3312, 0.3491, 0.3890],
          [0.2819, 0.3638, 0.3689,  ..., 0.3436, 0.4328, 0.3561],
          [0.2460, 0.2899, 0.3006,  ..., 0.3527, 0.4076, 0.3516],
          ...,
          [0.3318, 0.2340, 0.2907,  ..., 0.2606, 0.2703, 0.3541],
          [0.3578, 0.2532, 0.2656,  ..., 0.3101, 0.2163, 0.3163],
          [0.3709, 0.3492, 0.3023,  ..., 0.2654, 0.2274, 0.3664]]]],
       grad_fn=<SigmoidBackward0>), tensor([[[[0.3876, 0.3433, 0.3390,  ..., 0.3172, 0.3227, 0.3319],
          [0.3202, 0.3186, 0.3330,  ..., 0.3114, 0.3268, 0.3610],
          [0.3202, 0.3217, 0.3255,  ..., 0.3536, 0.3399, 0.3664],
          ...,
          [0.3369, 0.3335, 0.3189,  ..., 0.2715, 0.3506, 0.3337],
          [0.3423, 0.3324, 0.3152,  ..., 0.5160, 0.4797, 0.4861],
          [0.3716, 0.3575, 0.3522,  ..., 0.4407, 0.4476, 0.4147]]]],
       grad_fn=<SigmoidBackward0>)]