(tensor([[[[-4.0639e-01,  2.4155e-01,  8.4040e-02,  2.6487e-01, -4.5289e-01],
          [-2.8603e-01, -6.9620e-02,  2.9156e-02,  1.4198e-01, -1.0760e-01],
          [-1.2378e-01,  5.9037e-02,  1.4618e-02,  1.6227e-01, -2.8357e-01],
          ...,
          [-2.2496e-01,  1.0954e-01,  1.0492e-01,  1.1306e-01, -1.7628e-01],
          [-4.6238e-01,  7.9714e-02,  1.9322e-01,  1.6255e-01, -6.4228e-02],
          [-5.7627e-01, -1.3121e-01,  4.7366e-02,  4.7467e-01, -3.3002e-01]],

         [[-1.5991e-01, -2.5066e-02, -6.5121e-02,  1.5055e-02, -1.8416e-01],
          [-2.2874e-01, -2.4045e-02, -1.8580e-01,  2.0422e-01,  3.9349e-03],
          [-1.1254e-01,  6.0662e-02,  7.9382e-02,  5.7007e-02, -5.3351e-02],
          ...,
          [-2.2713e-01, -1.1406e-01,  3.5389e-02,  1.4367e-01, -2.8904e-03],
          [-2.2283e-01,  3.6000e-03, -5.3190e-02,  4.6915e-03, -8.4685e-02],
          [-2.2561e-01,  2.9317e-02, -9.3132e-02,  2.9933e-02, -4.5565e-01]],

         [[ 1.9291e-02, -8.1171e-02,  6.5271e-02,  7.6292e-02, -3.4625e-01],
          [ 6.6282e-02,  8.7561e-03,  1.1005e-01,  2.7366e-02, -2.0406e-01],
          [-1.6329e-02,  2.6272e-02,  7.4640e-02, -6.3166e-02, -1.0511e-01],
          ...,
          [-2.8904e-02, -1.6323e-01,  2.5553e-02,  2.2023e-02, -9.8498e-02],
          [-5.0429e-02, -1.8666e-02,  5.1155e-02,  2.5625e-02, -1.4631e-01],
          [ 8.9108e-03,  2.1143e-02, -5.8537e-05,  1.7903e-01, -3.7712e-01]],

         ...,

         [[-1.5644e-01,  9.7803e-02,  3.4459e-02,  1.6344e-01, -1.8507e-01],
          [-1.7774e-01,  1.3779e-02,  3.4596e-02,  1.5710e-01, -6.4475e-02],
          [-1.2824e-01,  2.3838e-02,  1.0102e-01,  6.7101e-02, -6.7258e-02],
          ...,
          [-1.3715e-01,  1.4154e-01, -9.4874e-02,  1.3684e-01, -8.4950e-02],
          [-1.3980e-01,  9.0638e-02, -9.6348e-03,  8.5629e-02, -9.3988e-02],
          [-1.0566e-01, -3.2618e-02,  5.3234e-02,  1.4194e-01, -1.8473e-01]],

         [[-3.0623e-01,  6.3984e-02,  8.5537e-02,  2.4273e-01, -9.1748e-02],
          [-2.3065e-01,  6.5749e-02,  2.5153e-02,  3.2483e-01, -7.8334e-02],
          [-6.8651e-02,  2.1100e-02,  5.9001e-02,  1.8445e-01, -1.4905e-01],
          ...,
          [-2.8316e-01, -5.1679e-02, -3.8747e-02,  1.7479e-01, -1.3708e-01],
          [-2.5977e-01, -6.2447e-02, -1.0448e-03,  1.0847e-01, -1.2662e-01],
          [-3.2048e-01, -2.0992e-01,  6.6153e-02,  1.4497e-01, -2.1111e-01]],

         [[-6.2115e-03,  1.7813e-01, -1.6074e-01,  5.3165e-01, -3.3395e-01],
          [-8.9403e-02,  9.6643e-02, -3.8400e-02,  4.5140e-01, -4.3507e-01],
          [-4.4257e-02,  1.0924e-01,  8.5340e-02,  3.1374e-01, -4.8996e-01],
          ...,
          [-1.3040e-01,  5.6551e-02, -1.7253e-01,  3.3766e-01, -3.9265e-01],
          [-1.3006e-01,  9.2105e-02, -3.6653e-01,  4.9636e-01, -3.1316e-01],
          [-1.5019e-01,  4.5313e-02, -3.2214e-01,  5.8121e-01, -3.2982e-01]]]],
       grad_fn=<PermuteBackward0>), tensor([[[-0.1489],
         [-0.1651],
         [-0.1967],
         ...,
         [-0.2370],
         [-0.1574],
         [-0.1600]]], grad_fn=<ViewBackward0>), tensor([[[True, True, True,  ..., True, True, True],
         [True, True, True,  ..., True, True, True],
         [True, True, True,  ..., True, True, True],
         ...,
         [True, True, True,  ..., True, True, True],
         [True, True, True,  ..., True, True, True],
         [True, True, True,  ..., True, True, True]]]), [[[111, 226, 122, 238], [130, 129, 141, 143], [50, 181, 59, 191], [33, 195, 45, 206], [114, 68, 124, 79], [146, 130, 156, 143], [99, 166, 108, 174], [81, 194, 92, 206], [98, 194, 108, 206], [65, 180, 75, 191]]])