[tensor([[[[0.8238, 0.5417, 0.3736,  ..., 0.5307, 0.5201, 0.5306],
          [0.8370, 0.7170, 0.4344,  ..., 0.5381, 0.5480, 0.5377],
          [0.8455, 0.7687, 0.5002,  ..., 0.5082, 0.5209, 0.5317],
          ...,
          [0.6892, 0.5183, 0.4283,  ..., 0.5182, 0.4909, 0.4820],
          [0.7373, 0.6806, 0.5775,  ..., 0.5106, 0.5089, 0.5060],
          [0.8237, 0.7266, 0.3415,  ..., 0.5276, 0.5321, 0.5119]]]],
       grad_fn=<SigmoidBackward0>), tensor([[[[0.7112, 0.6053, 0.4420,  ..., 0.4320, 0.4266, 0.4290],
          [0.5718, 0.6715, 0.4386,  ..., 0.4127, 0.4305, 0.4562],
          [0.5814, 0.6534, 0.4164,  ..., 0.4039, 0.4257, 0.4631],
          ...,
          [0.5117, 0.5086, 0.3987,  ..., 0.4203, 0.4431, 0.4929],
          [0.4116, 0.2910, 0.3207,  ..., 0.4520, 0.4591, 0.4917],
          [0.3648, 0.3167, 0.2641,  ..., 0.5069, 0.5037, 0.5144]]]],
       grad_fn=<SigmoidBackward0>), tensor([[[[0.3241, 0.2803, 0.4234,  ..., 0.3786, 0.4034, 0.4309],
          [0.2978, 0.2290, 0.4432,  ..., 0.4598, 0.4933, 0.4899],
          [0.3594, 0.2246, 0.4157,  ..., 0.4708, 0.5118, 0.5111],
          ...,
          [0.5804, 0.4573, 0.3912,  ..., 0.4327, 0.4450, 0.4589],
          [0.4088, 0.5862, 0.5386,  ..., 0.4389, 0.4279, 0.4621],
          [0.6526, 0.2862, 0.1965,  ..., 0.4303, 0.4386, 0.4655]]]],
       grad_fn=<SigmoidBackward0>), tensor([[[[0.3693, 0.3591, 0.4373,  ..., 0.4689, 0.4584, 0.4704],
          [0.3794, 0.3686, 0.4034,  ..., 0.4512, 0.4448, 0.4598],
          [0.4044, 0.3698, 0.4165,  ..., 0.4616, 0.4564, 0.4731],
          ...,
          [0.4149, 0.4361, 0.4459,  ..., 0.4847, 0.4632, 0.4714],
          [0.4721, 0.3954, 0.4207,  ..., 0.4811, 0.4674, 0.4890],
          [0.3927, 0.4129, 0.4700,  ..., 0.5224, 0.5222, 0.5378]]]],
       grad_fn=<SigmoidBackward0>)]