[tensor([[[[0.4418, 0.4578, 0.4451,  ..., 0.4507, 0.4539, 0.4756],
          [0.4303, 0.4436, 0.4426,  ..., 0.4145, 0.4364, 0.4505],
          [0.4161, 0.4281, 0.4472,  ..., 0.3801, 0.4009, 0.4266],
          ...,
          [0.4018, 0.4148, 0.4590,  ..., 0.3936, 0.3987, 0.4185],
          [0.5422, 0.5321, 0.4836,  ..., 0.4110, 0.4178, 0.4328],
          [0.4159, 0.4447, 0.3839,  ..., 0.4524, 0.4546, 0.4502]]]],
       grad_fn=<SigmoidBackward0>), tensor([[[[0.4111, 0.3728, 0.3823,  ..., 0.3692, 0.3971, 0.4318],
          [0.4301, 0.3835, 0.3774,  ..., 0.3251, 0.3639, 0.4146],
          [0.4161, 0.3726, 0.3649,  ..., 0.2958, 0.3360, 0.3948],
          ...,
          [0.3797, 0.3364, 0.3156,  ..., 0.2774, 0.3237, 0.3945],
          [0.3518, 0.3620, 0.3594,  ..., 0.3018, 0.3429, 0.3983],
          [0.2807, 0.3601, 0.3912,  ..., 0.3807, 0.4031, 0.4330]]]],
       grad_fn=<SigmoidBackward0>), tensor([[[[0.3834, 0.3936, 0.3181,  ..., 0.2674, 0.2965, 0.3443],
          [0.3646, 0.3920, 0.2895,  ..., 0.2349, 0.2752, 0.3454],
          [0.3551, 0.3696, 0.2814,  ..., 0.2139, 0.2536, 0.3372],
          ...,
          [0.3348, 0.3806, 0.2980,  ..., 0.2215, 0.2616, 0.3366],
          [0.1963, 0.4299, 0.3866,  ..., 0.2538, 0.2836, 0.3507],
          [0.2688, 0.2733, 0.3480,  ..., 0.2845, 0.3086, 0.3649]]]],
       grad_fn=<SigmoidBackward0>), tensor([[[[0.3846, 0.3632, 0.3535,  ..., 0.3722, 0.3788, 0.3849],
          [0.3875, 0.3632, 0.3500,  ..., 0.3684, 0.3812, 0.3965],
          [0.3825, 0.3510, 0.3384,  ..., 0.3660, 0.3764, 0.3943],
          ...,
          [0.3229, 0.3122, 0.3194,  ..., 0.3660, 0.3731, 0.3928],
          [0.3391, 0.3166, 0.3311,  ..., 0.3725, 0.3788, 0.3979],
          [0.3472, 0.3363, 0.3535,  ..., 0.3984, 0.4020, 0.4145]]]],
       grad_fn=<SigmoidBackward0>)]