[tensor([[[[0.6549, 0.4910, 0.3982,  ..., 0.5069, 0.5051, 0.5141],
          [0.6756, 0.6029, 0.4282,  ..., 0.5228, 0.5244, 0.5031],
          [0.6908, 0.6431, 0.4792,  ..., 0.5037, 0.4989, 0.4884],
          ...,
          [0.5545, 0.4827, 0.4191,  ..., 0.4917, 0.4780, 0.4701],
          [0.6055, 0.6170, 0.5567,  ..., 0.4985, 0.4993, 0.4986],
          [0.6555, 0.5137, 0.3217,  ..., 0.5009, 0.5121, 0.4991]]]],
       grad_fn=<SigmoidBackward0>), tensor([[[[0.6298, 0.5506, 0.4597,  ..., 0.4114, 0.4138, 0.4179],
          [0.5254, 0.5819, 0.4510,  ..., 0.4088, 0.4136, 0.4249],
          [0.5458, 0.5719, 0.4466,  ..., 0.4121, 0.4083, 0.4292],
          ...,
          [0.4722, 0.4899, 0.4000,  ..., 0.3922, 0.4047, 0.4482],
          [0.3707, 0.3102, 0.3429,  ..., 0.4429, 0.4358, 0.4592],
          [0.3366, 0.2674, 0.2455,  ..., 0.5066, 0.4962, 0.4936]]]],
       grad_fn=<SigmoidBackward0>), tensor([[[[0.3118, 0.3243, 0.4584,  ..., 0.3675, 0.3626, 0.3706],
          [0.3021, 0.2622, 0.4621,  ..., 0.4019, 0.4083, 0.4148],
          [0.3119, 0.2397, 0.4074,  ..., 0.4227, 0.4446, 0.4526],
          ...,
          [0.4976, 0.4693, 0.3642,  ..., 0.3861, 0.3845, 0.4039],
          [0.2705, 0.5267, 0.4971,  ..., 0.3876, 0.3898, 0.4072],
          [0.4803, 0.1858, 0.2235,  ..., 0.3893, 0.3905, 0.4010]]]],
       grad_fn=<SigmoidBackward0>), tensor([[[[0.3658, 0.3488, 0.3814,  ..., 0.3982, 0.3898, 0.3952],
          [0.3684, 0.3569, 0.3651,  ..., 0.3850, 0.3851, 0.4039],
          [0.3864, 0.3724, 0.3821,  ..., 0.4093, 0.3979, 0.4130],
          ...,
          [0.3571, 0.3870, 0.3955,  ..., 0.4608, 0.4383, 0.4460],
          [0.3814, 0.3555, 0.3837,  ..., 0.4554, 0.4454, 0.4636],
          [0.3617, 0.3763, 0.4133,  ..., 0.4917, 0.4856, 0.5064]]]],
       grad_fn=<SigmoidBackward0>)]