[tensor([[[[0.6317, 0.6686, 0.6706,  ..., 0.6482, 0.6153, 0.5930],
          [0.5863, 0.6568, 0.6272,  ..., 0.6135, 0.6184, 0.5586],
          [0.5668, 0.6220, 0.5802,  ..., 0.5654, 0.5639, 0.5276],
          ...,
          [0.5458, 0.5463, 0.4971,  ..., 0.4844, 0.3988, 0.3424],
          [0.6632, 0.5771, 0.4818,  ..., 0.5490, 0.4588, 0.3737],
          [0.6000, 0.6401, 0.3692,  ..., 0.4986, 0.5875, 0.4294]]]],
       grad_fn=<SigmoidBackward0>), tensor([[[[0.5967, 0.5614, 0.5387,  ..., 0.5097, 0.5040, 0.4804],
          [0.6068, 0.5510, 0.5355,  ..., 0.5213, 0.5083, 0.4829],
          [0.6104, 0.5241, 0.4761,  ..., 0.5101, 0.4883, 0.4563],
          ...,
          [0.4948, 0.4648, 0.4612,  ..., 0.4182, 0.4338, 0.3447],
          [0.4649, 0.3788, 0.4599,  ..., 0.3687, 0.2769, 0.1829],
          [0.4788, 0.3851, 0.3835,  ..., 0.3224, 0.2092, 0.1111]]]],
       grad_fn=<SigmoidBackward0>), tensor([[[[0.4148, 0.4181, 0.4080,  ..., 0.4182, 0.4102, 0.3840],
          [0.4236, 0.4110, 0.3859,  ..., 0.3877, 0.3618, 0.3540],
          [0.4398, 0.3885, 0.3770,  ..., 0.3814, 0.3483, 0.3578],
          ...,
          [0.3576, 0.4433, 0.4182,  ..., 0.3999, 0.3704, 0.1619],
          [0.1645, 0.4036, 0.4437,  ..., 0.5039, 0.2871, 0.1273],
          [0.3570, 0.1519, 0.3181,  ..., 0.3445, 0.2891, 0.1872]]]],
       grad_fn=<SigmoidBackward0>), tensor([[[[0.4488, 0.4494, 0.4403,  ..., 0.4890, 0.4823, 0.5054],
          [0.4128, 0.4167, 0.4065,  ..., 0.4823, 0.4963, 0.5051],
          [0.4352, 0.4485, 0.4381,  ..., 0.5213, 0.4904, 0.4946],
          ...,
          [0.4013, 0.4132, 0.4758,  ..., 0.5035, 0.5093, 0.4931],
          [0.4762, 0.4074, 0.4447,  ..., 0.4971, 0.4703, 0.4711],
          [0.4854, 0.4410, 0.4657,  ..., 0.4864, 0.4386, 0.4851]]]],
       grad_fn=<SigmoidBackward0>)]