[tensor([[[[0.4598, 0.4716, 0.5017,  ..., 0.5061, 0.5065, 0.5033],
          [0.5069, 0.5063, 0.5250,  ..., 0.5239, 0.5255, 0.5100],
          [0.5301, 0.5208, 0.5264,  ..., 0.5207, 0.5116, 0.4947],
          ...,
          [0.7801, 0.7958, 0.6159,  ..., 0.5248, 0.5089, 0.5574],
          [0.8379, 0.6972, 0.6348,  ..., 0.5399, 0.5859, 0.6078],
          [0.8796, 0.8728, 0.7327,  ..., 0.5944, 0.6403, 0.6785]]]],
       grad_fn=<SigmoidBackward0>), tensor([[[[0.4277, 0.3869, 0.3823,  ..., 0.3891, 0.4146, 0.4378],
          [0.4347, 0.3866, 0.4037,  ..., 0.4143, 0.4328, 0.4160],
          [0.4403, 0.3987, 0.4324,  ..., 0.4510, 0.4493, 0.4229],
          ...,
          [0.6893, 0.6562, 0.4148,  ..., 0.4444, 0.4305, 0.3724],
          [0.7522, 0.5464, 0.3763,  ..., 0.4322, 0.4605, 0.5201],
          [0.7173, 0.4594, 0.4192,  ..., 0.4133, 0.3997, 0.4235]]]],
       grad_fn=<SigmoidBackward0>), tensor([[[[0.4218, 0.3774, 0.3645,  ..., 0.3571, 0.3432, 0.3585],
          [0.3881, 0.3543, 0.3509,  ..., 0.3563, 0.3384, 0.3495],
          [0.3884, 0.3613, 0.3671,  ..., 0.3806, 0.3508, 0.3554],
          ...,
          [0.4956, 0.3233, 0.4836,  ..., 0.4152, 0.4500, 0.5397],
          [0.5000, 0.4381, 0.5188,  ..., 0.4852, 0.5696, 0.5686],
          [0.4866, 0.3668, 0.3822,  ..., 0.4509, 0.5257, 0.6307]]]],
       grad_fn=<SigmoidBackward0>), tensor([[[[0.4991, 0.4630, 0.4568,  ..., 0.4607, 0.4652, 0.4730],
          [0.4562, 0.4002, 0.4262,  ..., 0.4600, 0.4530, 0.4828],
          [0.4476, 0.3942, 0.4350,  ..., 0.4738, 0.4734, 0.4958],
          ...,
          [0.4954, 0.5044, 0.5132,  ..., 0.4986, 0.5040, 0.5343],
          [0.5510, 0.5890, 0.5533,  ..., 0.5178, 0.5277, 0.5585],
          [0.4817, 0.4816, 0.4618,  ..., 0.4947, 0.4985, 0.4994]]]],
       grad_fn=<SigmoidBackward0>)]