[tensor([[[[0.4296, 0.4402, 0.4275,  ..., 0.4298, 0.4055, 0.3995],
          [0.4520, 0.4708, 0.4561,  ..., 0.4521, 0.4141, 0.3866],
          [0.4778, 0.4502, 0.4421,  ..., 0.4545, 0.3858, 0.3761],
          ...,
          [0.4705, 0.4452, 0.4425,  ..., 0.4358, 0.4476, 0.4861],
          [0.4822, 0.4667, 0.4648,  ..., 0.4551, 0.4687, 0.4968],
          [0.5042, 0.5014, 0.5005,  ..., 0.4920, 0.5001, 0.5158]]]],
       grad_fn=<SigmoidBackward0>), tensor([[[[0.4640, 0.4239, 0.4130,  ..., 0.4321, 0.4296, 0.4514],
          [0.4542, 0.4328, 0.4045,  ..., 0.4021, 0.4119, 0.4155],
          [0.4413, 0.4124, 0.3921,  ..., 0.3802, 0.3817, 0.3952],
          ...,
          [0.4055, 0.3471, 0.3035,  ..., 0.3176, 0.3273, 0.3434],
          [0.4034, 0.3532, 0.3161,  ..., 0.3236, 0.3344, 0.3553],
          [0.4100, 0.3837, 0.3591,  ..., 0.3598, 0.3678, 0.3833]]]],
       grad_fn=<SigmoidBackward0>), tensor([[[[0.3462, 0.3310, 0.4245,  ..., 0.3098, 0.3087, 0.2970],
          [0.3732, 0.3093, 0.4042,  ..., 0.3002, 0.3138, 0.3286],
          [0.3394, 0.2951, 0.3653,  ..., 0.3055, 0.3355, 0.3571],
          ...,
          [0.2526, 0.2521, 0.2618,  ..., 0.2360, 0.2311, 0.2409],
          [0.2601, 0.2548, 0.2625,  ..., 0.2480, 0.2468, 0.2553],
          [0.2851, 0.2930, 0.3058,  ..., 0.3018, 0.2925, 0.3073]]]],
       grad_fn=<SigmoidBackward0>), tensor([[[[0.3342, 0.3170, 0.3257,  ..., 0.3176, 0.3264, 0.3391],
          [0.3406, 0.3257, 0.3227,  ..., 0.3206, 0.3282, 0.3341],
          [0.3380, 0.3296, 0.3326,  ..., 0.3312, 0.3428, 0.3333],
          ...,
          [0.3007, 0.2844, 0.2977,  ..., 0.3015, 0.3044, 0.3288],
          [0.3069, 0.2960, 0.3073,  ..., 0.3088, 0.3076, 0.3343],
          [0.3248, 0.3223, 0.3350,  ..., 0.3350, 0.3337, 0.3557]]]],
       grad_fn=<SigmoidBackward0>)]