[tensor([[[[0.4673, 0.4621, 0.4326,  ..., 0.4758, 0.4628, 0.4716],
          [0.4469, 0.4739, 0.4355,  ..., 0.4698, 0.4817, 0.4687],
          [0.4586, 0.4314, 0.4158,  ..., 0.4574, 0.4419, 0.4582],
          ...,
          [0.4244, 0.4322, 0.4446,  ..., 0.4437, 0.4487, 0.4642],
          [0.4233, 0.4266, 0.4353,  ..., 0.4306, 0.4335, 0.4406],
          [0.4382, 0.4409, 0.4391,  ..., 0.4377, 0.4309, 0.4396]]]],
       grad_fn=<SigmoidBackward0>), tensor([[[[0.4465, 0.3895, 0.3968,  ..., 0.3961, 0.3965, 0.4114],
          [0.4660, 0.3774, 0.3856,  ..., 0.3741, 0.3801, 0.3803],
          [0.4590, 0.3794, 0.3612,  ..., 0.3670, 0.3582, 0.3719],
          ...,
          [0.4295, 0.3685, 0.3525,  ..., 0.3543, 0.3594, 0.3737],
          [0.4418, 0.3826, 0.3704,  ..., 0.3701, 0.3719, 0.3862],
          [0.4511, 0.4144, 0.4042,  ..., 0.4046, 0.4059, 0.4188]]]],
       grad_fn=<SigmoidBackward0>), tensor([[[[0.3043, 0.3004, 0.3530,  ..., 0.3399, 0.3670, 0.4069],
          [0.3278, 0.2742, 0.3084,  ..., 0.2971, 0.3093, 0.3893],
          [0.3403, 0.3210, 0.3186,  ..., 0.2881, 0.2722, 0.3837],
          ...,
          [0.2636, 0.2642, 0.2707,  ..., 0.2612, 0.2679, 0.2610],
          [0.2657, 0.2710, 0.2747,  ..., 0.2737, 0.2764, 0.2636],
          [0.2611, 0.2623, 0.2660,  ..., 0.2661, 0.2670, 0.2679]]]],
       grad_fn=<SigmoidBackward0>), tensor([[[[0.3578, 0.3496, 0.3541,  ..., 0.3502, 0.3596, 0.3750],
          [0.3306, 0.3298, 0.3239,  ..., 0.3209, 0.3350, 0.3584],
          [0.3267, 0.3285, 0.3291,  ..., 0.3266, 0.3376, 0.3643],
          ...,
          [0.3194, 0.2890, 0.3052,  ..., 0.3051, 0.3251, 0.3295],
          [0.3303, 0.3042, 0.3133,  ..., 0.3142, 0.3308, 0.3344],
          [0.3497, 0.3399, 0.3466,  ..., 0.3385, 0.3447, 0.3492]]]],
       grad_fn=<SigmoidBackward0>)]