[tensor([[[[0.4960, 0.4862, 0.4663,  ..., 0.4499, 0.4560, 0.4777],
          [0.4797, 0.4815, 0.4314,  ..., 0.4229, 0.4454, 0.4579],
          [0.4718, 0.4625, 0.4066,  ..., 0.3842, 0.4150, 0.4437],
          ...,
          [0.4418, 0.4648, 0.4960,  ..., 0.4420, 0.4984, 0.4043],
          [0.6260, 0.6141, 0.5283,  ..., 0.4931, 0.5269, 0.4046],
          [0.4982, 0.5236, 0.4220,  ..., 0.4337, 0.5020, 0.3642]]]],
       grad_fn=<SigmoidBackward0>), tensor([[[[0.4421, 0.4162, 0.3993,  ..., 0.3813, 0.4088, 0.4425],
          [0.4282, 0.3819, 0.3576,  ..., 0.3387, 0.3754, 0.4218],
          [0.4205, 0.3659, 0.3384,  ..., 0.3109, 0.3495, 0.4036],
          ...,
          [0.4391, 0.4306, 0.3519,  ..., 0.2726, 0.3471, 0.3636],
          [0.3945, 0.3875, 0.3456,  ..., 0.3247, 0.2962, 0.2485],
          [0.2585, 0.3050, 0.3123,  ..., 0.3352, 0.3146, 0.1694]]]],
       grad_fn=<SigmoidBackward0>), tensor([[[[0.3417, 0.3317, 0.3287,  ..., 0.2876, 0.3116, 0.3560],
          [0.3057, 0.2961, 0.2922,  ..., 0.2607, 0.2973, 0.3584],
          [0.2869, 0.2728, 0.2641,  ..., 0.2416, 0.2800, 0.3513],
          ...,
          [0.3079, 0.4055, 0.3256,  ..., 0.2812, 0.3185, 0.3547],
          [0.1963, 0.4352, 0.3807,  ..., 0.3195, 0.2754, 0.2967],
          [0.3059, 0.2814, 0.3309,  ..., 0.2667, 0.3349, 0.2692]]]],
       grad_fn=<SigmoidBackward0>), tensor([[[[0.3760, 0.3727, 0.3664,  ..., 0.3729, 0.3812, 0.3892],
          [0.3534, 0.3622, 0.3623,  ..., 0.3717, 0.3863, 0.4006],
          [0.3555, 0.3670, 0.3760,  ..., 0.3729, 0.3831, 0.4006],
          ...,
          [0.3694, 0.3635, 0.3649,  ..., 0.3462, 0.3515, 0.3624],
          [0.3791, 0.3470, 0.3655,  ..., 0.3448, 0.3551, 0.3792],
          [0.3994, 0.3715, 0.3825,  ..., 0.3637, 0.3548, 0.3879]]]],
       grad_fn=<SigmoidBackward0>)]