[tensor([[[[0.8115, 0.6184, 0.4695,  ..., 0.5114, 0.5187, 0.5353],
          [0.8116, 0.7616, 0.5145,  ..., 0.5271, 0.5453, 0.5481],
          [0.8387, 0.7766, 0.5089,  ..., 0.5157, 0.5266, 0.5259],
          ...,
          [0.8406, 0.7199, 0.4992,  ..., 0.5390, 0.5310, 0.5329],
          [0.7856, 0.7254, 0.4899,  ..., 0.5529, 0.5596, 0.5449],
          [0.7856, 0.8561, 0.6188,  ..., 0.5573, 0.5583, 0.5400]]]],
       grad_fn=<SigmoidBackward0>), tensor([[[[0.6776, 0.5197, 0.4681,  ..., 0.4604, 0.4412, 0.4399],
          [0.6883, 0.7228, 0.5849,  ..., 0.4727, 0.4519, 0.4417],
          [0.5917, 0.6778, 0.4820,  ..., 0.4887, 0.4716, 0.4572],
          ...,
          [0.6196, 0.5944, 0.5458,  ..., 0.4895, 0.4779, 0.4797],
          [0.5386, 0.3359, 0.3542,  ..., 0.4805, 0.4800, 0.4872],
          [0.3403, 0.2294, 0.2586,  ..., 0.4664, 0.4787, 0.4875]]]],
       grad_fn=<SigmoidBackward0>), tensor([[[[0.3790, 0.3316, 0.4329,  ..., 0.3634, 0.3578, 0.3628],
          [0.4486, 0.4113, 0.5022,  ..., 0.3950, 0.3927, 0.3996],
          [0.4460, 0.3656, 0.4961,  ..., 0.4380, 0.4289, 0.4591],
          ...,
          [0.5905, 0.3421, 0.4181,  ..., 0.4296, 0.4213, 0.4192],
          [0.2675, 0.4572, 0.5558,  ..., 0.4416, 0.4187, 0.4189],
          [0.4220, 0.3430, 0.3721,  ..., 0.4431, 0.4466, 0.4764]]]],
       grad_fn=<SigmoidBackward0>), tensor([[[[0.4251, 0.3527, 0.4353,  ..., 0.4658, 0.4787, 0.4841],
          [0.3886, 0.4523, 0.4554,  ..., 0.4667, 0.4718, 0.4659],
          [0.4132, 0.4315, 0.4735,  ..., 0.4883, 0.4866, 0.4830],
          ...,
          [0.4384, 0.4948, 0.5658,  ..., 0.5001, 0.5311, 0.5161],
          [0.3884, 0.3549, 0.5128,  ..., 0.5266, 0.5423, 0.5214],
          [0.4587, 0.5039, 0.5825,  ..., 0.5422, 0.5547, 0.5303]]]],
       grad_fn=<SigmoidBackward0>)]