[tensor([[[[0.6625, 0.5273, 0.4657,  ..., 0.4720, 0.4937, 0.6197],
          [0.7706, 0.7364, 0.5533,  ..., 0.5375, 0.5599, 0.5754],
          [0.8364, 0.7579, 0.4449,  ..., 0.4795, 0.4883, 0.4852],
          ...,
          [0.5626, 0.5122, 0.4578,  ..., 0.3919, 0.3179, 0.4377],
          [0.5658, 0.5098, 0.4738,  ..., 0.4708, 0.4555, 0.3330],
          [0.5435, 0.5684, 0.5415,  ..., 0.4037, 0.3839, 0.4586]]]],
       grad_fn=<SigmoidBackward0>), tensor([[[[0.6803, 0.6317, 0.6839,  ..., 0.3168, 0.4908, 0.3278],
          [0.6078, 0.5639, 0.5925,  ..., 0.3086, 0.2788, 0.2352],
          [0.6517, 0.4998, 0.5838,  ..., 0.3694, 0.3877, 0.2976],
          ...,
          [0.4053, 0.4593, 0.3620,  ..., 0.3835, 0.3535, 0.2734],
          [0.4373, 0.4783, 0.3652,  ..., 0.4331, 0.5386, 0.4781],
          [0.4950, 0.5383, 0.4252,  ..., 0.4527, 0.4508, 0.4543]]]],
       grad_fn=<SigmoidBackward0>), tensor([[[[0.2914, 0.1600, 0.2874,  ..., 0.2576, 0.3817, 0.3265],
          [0.3126, 0.3207, 0.4735,  ..., 0.3509, 0.3544, 0.3086],
          [0.2022, 0.1412, 0.2567,  ..., 0.3723, 0.4004, 0.2611],
          ...,
          [0.3401, 0.2506, 0.2654,  ..., 0.3085, 0.3191, 0.2451],
          [0.3354, 0.2436, 0.2269,  ..., 0.4239, 0.4632, 0.2827],
          [0.3750, 0.3274, 0.3326,  ..., 0.3545, 0.4757, 0.2908]]]],
       grad_fn=<SigmoidBackward0>), tensor([[[[0.3414, 0.2859, 0.2997,  ..., 0.3938, 0.4005, 0.3878],
          [0.1647, 0.1835, 0.2206,  ..., 0.3882, 0.3789, 0.4116],
          [0.2464, 0.2310, 0.3261,  ..., 0.4211, 0.3996, 0.4140],
          ...,
          [0.3265, 0.3186, 0.3159,  ..., 0.3064, 0.3401, 0.3525],
          [0.3347, 0.3233, 0.3142,  ..., 0.3152, 0.3460, 0.3299],
          [0.3610, 0.3485, 0.3531,  ..., 0.3495, 0.3804, 0.3341]]]],
       grad_fn=<SigmoidBackward0>)]