[tensor([[[[0.4758, 0.4974, 0.4854,  ..., 0.4112, 0.4438, 0.4514],
          [0.4720, 0.5013, 0.4647,  ..., 0.3871, 0.4189, 0.3803],
          [0.4900, 0.4951, 0.4419,  ..., 0.4190, 0.3963, 0.3561],
          ...,
          [0.4812, 0.5014, 0.4434,  ..., 0.4596, 0.4456, 0.4278],
          [0.4831, 0.4985, 0.4592,  ..., 0.4803, 0.4709, 0.3564],
          [0.4981, 0.4976, 0.4697,  ..., 0.4342, 0.3550, 0.2527]]]],
       grad_fn=<SigmoidBackward0>), tensor([[[[0.3898, 0.3480, 0.3249,  ..., 0.3470, 0.3777, 0.4017],
          [0.3857, 0.3406, 0.3181,  ..., 0.3608, 0.3909, 0.3785],
          [0.3860, 0.3383, 0.3148,  ..., 0.3594, 0.3736, 0.3725],
          ...,
          [0.3713, 0.3262, 0.3055,  ..., 0.4007, 0.3888, 0.3676],
          [0.3827, 0.3488, 0.3301,  ..., 0.3795, 0.3331, 0.2041],
          [0.4187, 0.4100, 0.3912,  ..., 0.3594, 0.2842, 0.1198]]]],
       grad_fn=<SigmoidBackward0>), tensor([[[[0.3162, 0.3141, 0.3034,  ..., 0.2442, 0.2736, 0.2851],
          [0.2896, 0.2986, 0.2926,  ..., 0.2321, 0.2550, 0.2517],
          [0.2786, 0.2724, 0.2722,  ..., 0.2052, 0.2600, 0.2438],
          ...,
          [0.2906, 0.2755, 0.2619,  ..., 0.3994, 0.3734, 0.4245],
          [0.3011, 0.2957, 0.2859,  ..., 0.4572, 0.3534, 0.3207],
          [0.3078, 0.3044, 0.3010,  ..., 0.2693, 0.2480, 0.3081]]]],
       grad_fn=<SigmoidBackward0>), tensor([[[[0.3136, 0.2854, 0.2790,  ..., 0.2248, 0.2498, 0.2966],
          [0.2784, 0.2607, 0.2709,  ..., 0.2108, 0.2429, 0.2739],
          [0.2635, 0.2542, 0.2698,  ..., 0.2157, 0.2589, 0.2939],
          ...,
          [0.2506, 0.2467, 0.2672,  ..., 0.3448, 0.3249, 0.3539],
          [0.2558, 0.2506, 0.2682,  ..., 0.3540, 0.3327, 0.3666],
          [0.2774, 0.2811, 0.3021,  ..., 0.3664, 0.3208, 0.3171]]]],
       grad_fn=<SigmoidBackward0>)]