[tensor([[[[0.4243, 0.4361, 0.4535,  ..., 0.4585, 0.4539, 0.4562],
          [0.4379, 0.4491, 0.4658,  ..., 0.4709, 0.4787, 0.4678],
          [0.4458, 0.4529, 0.4682,  ..., 0.4684, 0.4477, 0.4555],
          ...,
          [0.4359, 0.4418, 0.4545,  ..., 0.4780, 0.4528, 0.4509],
          [0.4387, 0.4397, 0.4497,  ..., 0.4663, 0.4756, 0.4810],
          [0.4509, 0.4604, 0.4593,  ..., 0.4324, 0.4638, 0.4836]]]],
       grad_fn=<SigmoidBackward0>), tensor([[[[0.4675, 0.4090, 0.3883,  ..., 0.4171, 0.4204, 0.4287],
          [0.4566, 0.3948, 0.3744,  ..., 0.3944, 0.3893, 0.3800],
          [0.4458, 0.3822, 0.3667,  ..., 0.3704, 0.3537, 0.3672],
          ...,
          [0.4441, 0.3853, 0.3725,  ..., 0.3914, 0.3798, 0.3901],
          [0.4575, 0.4006, 0.3909,  ..., 0.3910, 0.4139, 0.4493],
          [0.4675, 0.4286, 0.4231,  ..., 0.4467, 0.4567, 0.4649]]]],
       grad_fn=<SigmoidBackward0>), tensor([[[[0.2998, 0.2901, 0.2923,  ..., 0.4208, 0.4234, 0.4589],
          [0.2944, 0.2887, 0.2901,  ..., 0.3803, 0.3910, 0.4811],
          [0.2980, 0.2957, 0.2981,  ..., 0.3764, 0.3696, 0.4723],
          ...,
          [0.2966, 0.2935, 0.2931,  ..., 0.4370, 0.4372, 0.4932],
          [0.2987, 0.3000, 0.2966,  ..., 0.5184, 0.5302, 0.5376],
          [0.2944, 0.2934, 0.2911,  ..., 0.3848, 0.4478, 0.5717]]]],
       grad_fn=<SigmoidBackward0>), tensor([[[[0.3310, 0.3214, 0.3263,  ..., 0.3841, 0.4021, 0.4247],
          [0.3163, 0.2868, 0.3005,  ..., 0.3597, 0.3698, 0.4033],
          [0.3165, 0.2886, 0.3089,  ..., 0.3692, 0.3771, 0.4089],
          ...,
          [0.3271, 0.3022, 0.3219,  ..., 0.4066, 0.4016, 0.4041],
          [0.3399, 0.3166, 0.3296,  ..., 0.4255, 0.4174, 0.4121],
          [0.3646, 0.3531, 0.3632,  ..., 0.4224, 0.4334, 0.4356]]]],
       grad_fn=<SigmoidBackward0>)]