[tensor([[[[0.5108, 0.4945, 0.4260,  ..., 0.4345, 0.4218, 0.4438],
          [0.5411, 0.5852, 0.4858,  ..., 0.4748, 0.4459, 0.4392],
          [0.5909, 0.5837, 0.4761,  ..., 0.4933, 0.4045, 0.4202],
          ...,
          [0.4824, 0.4753, 0.4888,  ..., 0.4976, 0.4953, 0.5077],
          [0.4941, 0.4854, 0.4908,  ..., 0.5001, 0.5076, 0.5098],
          [0.5222, 0.5181, 0.5146,  ..., 0.5164, 0.5227, 0.5190]]]],
       grad_fn=<SigmoidBackward0>), tensor([[[[0.5609, 0.5111, 0.4483,  ..., 0.4729, 0.4581, 0.4730],
          [0.5662, 0.5712, 0.4669,  ..., 0.4353, 0.4590, 0.4451],
          [0.5575, 0.5510, 0.4601,  ..., 0.4255, 0.4184, 0.3917],
          ...,
          [0.4659, 0.4139, 0.3655,  ..., 0.3569, 0.3629, 0.3719],
          [0.4477, 0.4031, 0.3671,  ..., 0.3513, 0.3583, 0.3842],
          [0.4409, 0.4155, 0.3888,  ..., 0.3798, 0.3930, 0.4126]]]],
       grad_fn=<SigmoidBackward0>), tensor([[[[0.2707, 0.3016, 0.4345,  ..., 0.4146, 0.3892, 0.3974],
          [0.3309, 0.2818, 0.4629,  ..., 0.3895, 0.3878, 0.4554],
          [0.3277, 0.2555, 0.4392,  ..., 0.4150, 0.4284, 0.4867],
          ...,
          [0.3000, 0.3134, 0.3491,  ..., 0.3100, 0.3165, 0.3227],
          [0.3069, 0.3235, 0.3543,  ..., 0.3401, 0.3362, 0.3389],
          [0.3400, 0.3785, 0.4021,  ..., 0.4143, 0.3999, 0.3907]]]],
       grad_fn=<SigmoidBackward0>), tensor([[[[0.3505, 0.3409, 0.3769,  ..., 0.3636, 0.3739, 0.3936],
          [0.3584, 0.3638, 0.3859,  ..., 0.3620, 0.3694, 0.3765],
          [0.3580, 0.3679, 0.3951,  ..., 0.3795, 0.3789, 0.3748],
          ...,
          [0.3806, 0.3613, 0.3771,  ..., 0.3766, 0.3758, 0.3987],
          [0.3869, 0.3788, 0.3902,  ..., 0.3850, 0.3832, 0.4038],
          [0.4023, 0.4025, 0.4121,  ..., 0.4049, 0.4067, 0.4234]]]],
       grad_fn=<SigmoidBackward0>)]