[tensor([[[[0.4157, 0.4262, 0.4361,  ..., 0.4426, 0.4484, 0.4604],
          [0.4340, 0.4419, 0.4497,  ..., 0.4556, 0.4599, 0.4611],
          [0.4439, 0.4501, 0.4607,  ..., 0.4590, 0.4548, 0.4547],
          ...,
          [0.5252, 0.4856, 0.4605,  ..., 0.4915, 0.4767, 0.4641],
          [0.5456, 0.5283, 0.5021,  ..., 0.4887, 0.4983, 0.4988],
          [0.5420, 0.5713, 0.5449,  ..., 0.4604, 0.4570, 0.4506]]]],
       grad_fn=<SigmoidBackward0>), tensor([[[[0.4389, 0.3845, 0.3620,  ..., 0.3479, 0.3515, 0.3656],
          [0.4284, 0.3661, 0.3442,  ..., 0.3302, 0.3365, 0.3526],
          [0.4145, 0.3512, 0.3349,  ..., 0.3257, 0.3289, 0.3468],
          ...,
          [0.4808, 0.4017, 0.4004,  ..., 0.3985, 0.3854, 0.3999],
          [0.4439, 0.4089, 0.3875,  ..., 0.3870, 0.4166, 0.4501],
          [0.4762, 0.5013, 0.4743,  ..., 0.4259, 0.4189, 0.3988]]]],
       grad_fn=<SigmoidBackward0>), tensor([[[[0.3048, 0.2938, 0.2933,  ..., 0.2898, 0.2959, 0.2925],
          [0.2897, 0.2792, 0.2781,  ..., 0.2693, 0.2854, 0.2874],
          [0.2850, 0.2751, 0.2763,  ..., 0.2687, 0.2888, 0.2953],
          ...,
          [0.3465, 0.2943, 0.3083,  ..., 0.3870, 0.3717, 0.4470],
          [0.4517, 0.4278, 0.4177,  ..., 0.4397, 0.4261, 0.4423],
          [0.3807, 0.3845, 0.3142,  ..., 0.3489, 0.3736, 0.4292]]]],
       grad_fn=<SigmoidBackward0>), tensor([[[[0.3117, 0.3033, 0.3030,  ..., 0.3096, 0.3288, 0.3513],
          [0.2935, 0.2657, 0.2744,  ..., 0.2873, 0.3039, 0.3277],
          [0.2941, 0.2721, 0.2878,  ..., 0.3020, 0.3229, 0.3397],
          ...,
          [0.3328, 0.3469, 0.3345,  ..., 0.3652, 0.3635, 0.3666],
          [0.3579, 0.3721, 0.3634,  ..., 0.3825, 0.3725, 0.3739],
          [0.3614, 0.3646, 0.3595,  ..., 0.3899, 0.3906, 0.3811]]]],
       grad_fn=<SigmoidBackward0>)]