[tensor([[[[0.5475, 0.5386, 0.5170,  ..., 0.5101, 0.4920, 0.4991],
          [0.5226, 0.5332, 0.4769,  ..., 0.4787, 0.4854, 0.4786],
          [0.5101, 0.5054, 0.4471,  ..., 0.4383, 0.4431, 0.4571],
          ...,
          [0.4611, 0.5096, 0.5046,  ..., 0.4447, 0.4590, 0.3802],
          [0.5901, 0.5691, 0.4958,  ..., 0.5288, 0.4465, 0.3793],
          [0.4953, 0.4976, 0.3912,  ..., 0.3760, 0.4116, 0.3085]]]],
       grad_fn=<SigmoidBackward0>), tensor([[[[0.4868, 0.4676, 0.4513,  ..., 0.4433, 0.4601, 0.4813],
          [0.4863, 0.4377, 0.4055,  ..., 0.4010, 0.4233, 0.4546],
          [0.4721, 0.4193, 0.3935,  ..., 0.3809, 0.4018, 0.4362],
          ...,
          [0.4893, 0.4668, 0.3800,  ..., 0.3674, 0.4195, 0.3881],
          [0.4062, 0.4233, 0.3965,  ..., 0.3952, 0.3472, 0.2490],
          [0.3170, 0.3576, 0.3826,  ..., 0.2762, 0.2548, 0.1373]]]],
       grad_fn=<SigmoidBackward0>), tensor([[[[0.3395, 0.3418, 0.3531,  ..., 0.3197, 0.3290, 0.3653],
          [0.3222, 0.3199, 0.3264,  ..., 0.2973, 0.3258, 0.3760],
          [0.2975, 0.2981, 0.2955,  ..., 0.2723, 0.3117, 0.3794],
          ...,
          [0.3081, 0.4145, 0.3328,  ..., 0.3048, 0.3803, 0.3080],
          [0.2090, 0.4478, 0.4123,  ..., 0.4485, 0.3313, 0.3018],
          [0.3363, 0.2550, 0.3667,  ..., 0.3123, 0.2890, 0.2463]]]],
       grad_fn=<SigmoidBackward0>), tensor([[[[0.4224, 0.4257, 0.4306,  ..., 0.4333, 0.4394, 0.4480],
          [0.4135, 0.4252, 0.4265,  ..., 0.4226, 0.4286, 0.4423],
          [0.4354, 0.4399, 0.4433,  ..., 0.4313, 0.4265, 0.4402],
          ...,
          [0.4094, 0.3941, 0.3870,  ..., 0.4607, 0.4627, 0.4709],
          [0.4173, 0.4004, 0.3980,  ..., 0.4533, 0.4441, 0.4493],
          [0.4094, 0.3984, 0.4103,  ..., 0.4438, 0.4063, 0.4359]]]],
       grad_fn=<SigmoidBackward0>)]