[tensor([[[[0.5826, 0.5721, 0.5491,  ..., 0.5329, 0.4931, 0.4933],
          [0.5432, 0.5640, 0.5061,  ..., 0.4754, 0.4866, 0.4710],
          [0.5251, 0.5280, 0.4693,  ..., 0.4259, 0.4385, 0.4585],
          ...,
          [0.5393, 0.5426, 0.5013,  ..., 0.4518, 0.5489, 0.3753],
          [0.6532, 0.6470, 0.5149,  ..., 0.5321, 0.4937, 0.3661],
          [0.5143, 0.5445, 0.4002,  ..., 0.4760, 0.5157, 0.3307]]]],
       grad_fn=<SigmoidBackward0>), tensor([[[[0.5243, 0.5008, 0.4832,  ..., 0.4881, 0.5092, 0.5212],
          [0.5225, 0.4775, 0.4389,  ..., 0.4351, 0.4613, 0.4866],
          [0.5289, 0.4559, 0.4121,  ..., 0.4012, 0.4281, 0.4584],
          ...,
          [0.4957, 0.4880, 0.4239,  ..., 0.3917, 0.4931, 0.4151],
          [0.4360, 0.4160, 0.4000,  ..., 0.4233, 0.3823, 0.2788],
          [0.3854, 0.3417, 0.3161,  ..., 0.4082, 0.3017, 0.2037]]]],
       grad_fn=<SigmoidBackward0>), tensor([[[[0.3802, 0.3809, 0.3877,  ..., 0.3360, 0.3512, 0.3940],
          [0.3785, 0.3735, 0.3683,  ..., 0.3336, 0.3595, 0.3833],
          [0.3774, 0.3664, 0.3513,  ..., 0.3178, 0.3544, 0.3881],
          ...,
          [0.2453, 0.3658, 0.3607,  ..., 0.3034, 0.3731, 0.2659],
          [0.1793, 0.4338, 0.4802,  ..., 0.4286, 0.2903, 0.2222],
          [0.3605, 0.2264, 0.3659,  ..., 0.3880, 0.3497, 0.2954]]]],
       grad_fn=<SigmoidBackward0>), tensor([[[[0.4296, 0.4341, 0.4381,  ..., 0.4315, 0.4415, 0.4576],
          [0.4233, 0.4206, 0.4200,  ..., 0.4224, 0.4280, 0.4464],
          [0.4242, 0.4307, 0.4443,  ..., 0.4326, 0.4234, 0.4390],
          ...,
          [0.3952, 0.4259, 0.4223,  ..., 0.4601, 0.4576, 0.4677],
          [0.4185, 0.3953, 0.4130,  ..., 0.4485, 0.4440, 0.4521],
          [0.4166, 0.4104, 0.4191,  ..., 0.4512, 0.4296, 0.4592]]]],
       grad_fn=<SigmoidBackward0>)]