[tensor([[[[0.6243, 0.7319, 0.6637,  ..., 0.9054, 0.8816, 0.9861],
          [0.6984, 0.7726, 0.5769,  ..., 0.7650, 0.8386, 0.8817],
          [0.8641, 0.8619, 0.5545,  ..., 0.6179, 0.6707, 0.5752],
          ...,
          [0.8698, 0.8538, 0.5155,  ..., 0.8091, 0.6636, 0.8361],
          [0.8908, 0.8621, 0.5925,  ..., 0.7709, 0.6503, 0.7528],
          [0.8783, 0.7791, 0.5168,  ..., 0.7267, 0.5663, 0.8906]]]],
       grad_fn=<SigmoidBackward0>), tensor([[[[0.5242, 0.5901, 0.6325,  ..., 0.5653, 0.8125, 0.5139],
          [0.6718, 0.4968, 0.4437,  ..., 0.4362, 0.6272, 0.6474],
          [0.7598, 0.5944, 0.4997,  ..., 0.7847, 0.8249, 0.6444],
          ...,
          [0.5916, 0.5355, 0.3017,  ..., 0.5238, 0.6383, 0.5672],
          [0.6347, 0.6450, 0.3729,  ..., 0.6341, 0.7613, 0.7021],
          [0.4081, 0.4984, 0.4465,  ..., 0.6612, 0.6862, 0.6460]]]],
       grad_fn=<SigmoidBackward0>), tensor([[[[0.5643, 0.2017, 0.3115,  ..., 0.6087, 0.2471, 0.1172],
          [0.3917, 0.4383, 0.4996,  ..., 0.8027, 0.4976, 0.0762],
          [0.5058, 0.3617, 0.4879,  ..., 0.5110, 0.4047, 0.1283],
          ...,
          [0.4715, 0.1859, 0.2713,  ..., 0.4095, 0.3173, 0.4911],
          [0.4816, 0.1988, 0.2591,  ..., 0.4421, 0.3449, 0.4008],
          [0.3330, 0.2712, 0.2838,  ..., 0.5264, 0.3688, 0.3966]]]],
       grad_fn=<SigmoidBackward0>), tensor([[[[0.1484, 0.1670, 0.2848,  ..., 0.3052, 0.2670, 0.1474],
          [0.1425, 0.2159, 0.4140,  ..., 0.2747, 0.2337, 0.1883],
          [0.1665, 0.2294, 0.4731,  ..., 0.3135, 0.4164, 0.3386],
          ...,
          [0.4548, 0.3736, 0.4674,  ..., 0.5008, 0.5794, 0.3797],
          [0.4915, 0.4372, 0.4209,  ..., 0.5250, 0.6178, 0.4439],
          [0.4999, 0.5416, 0.5650,  ..., 0.5605, 0.6509, 0.4106]]]],
       grad_fn=<SigmoidBackward0>)]