[tensor([[[[0.7609, 0.4667, 0.4038,  ..., 0.6317, 0.6024, 0.5949],
          [0.7316, 0.6412, 0.4249,  ..., 0.6175, 0.6099, 0.5946],
          [0.7734, 0.6923, 0.4588,  ..., 0.5837, 0.5670, 0.5816],
          ...,
          [0.9183, 0.7931, 0.4919,  ..., 0.5888, 0.5357, 0.5142],
          [0.9773, 0.8615, 0.6026,  ..., 0.5453, 0.5413, 0.5476],
          [0.9869, 0.9909, 0.7231,  ..., 0.5782, 0.5808, 0.5562]]]],
       grad_fn=<SigmoidBackward0>), tensor([[[[0.6734, 0.4524, 0.3863,  ..., 0.4703, 0.4538, 0.4537],
          [0.5716, 0.5351, 0.4362,  ..., 0.4667, 0.4286, 0.4706],
          [0.5941, 0.5636, 0.3899,  ..., 0.4120, 0.4092, 0.4572],
          ...,
          [0.5345, 0.4818, 0.3889,  ..., 0.4180, 0.4797, 0.5052],
          [0.6803, 0.3790, 0.3297,  ..., 0.4690, 0.4690, 0.4978],
          [0.5315, 0.4612, 0.3724,  ..., 0.4918, 0.4875, 0.4937]]]],
       grad_fn=<SigmoidBackward0>), tensor([[[[0.2882, 0.2562, 0.3502,  ..., 0.4110, 0.4646, 0.4900],
          [0.3247, 0.2159, 0.3963,  ..., 0.4399, 0.5583, 0.5483],
          [0.3775, 0.2542, 0.3794,  ..., 0.4442, 0.5079, 0.5405],
          ...,
          [0.4032, 0.2645, 0.4371,  ..., 0.4288, 0.4769, 0.4981],
          [0.2767, 0.4803, 0.4990,  ..., 0.4765, 0.4616, 0.4917],
          [0.4466, 0.1410, 0.0956,  ..., 0.4876, 0.4996, 0.5160]]]],
       grad_fn=<SigmoidBackward0>), tensor([[[[0.3371, 0.3145, 0.3535,  ..., 0.4874, 0.4646, 0.4370],
          [0.3387, 0.3476, 0.3474,  ..., 0.5080, 0.4423, 0.4040],
          [0.3735, 0.3764, 0.4029,  ..., 0.5015, 0.4677, 0.4416],
          ...,
          [0.2646, 0.2941, 0.4496,  ..., 0.5224, 0.4768, 0.4878],
          [0.3388, 0.2522, 0.4425,  ..., 0.4838, 0.4782, 0.4906],
          [0.3822, 0.3478, 0.4309,  ..., 0.4994, 0.4929, 0.5123]]]],
       grad_fn=<SigmoidBackward0>)]