[tensor([[[[0.8226, 0.5413, 0.3736,  ..., 0.5315, 0.5208, 0.5307],
          [0.8362, 0.7174, 0.4346,  ..., 0.5390, 0.5480, 0.5374],
          [0.8458, 0.7695, 0.5009,  ..., 0.5085, 0.5203, 0.5300],
          ...,
          [0.6884, 0.5186, 0.4278,  ..., 0.5186, 0.4906, 0.4815],
          [0.7367, 0.6811, 0.5774,  ..., 0.5106, 0.5089, 0.5056],
          [0.8231, 0.7241, 0.3407,  ..., 0.5275, 0.5320, 0.5117]]]],
       grad_fn=<SigmoidBackward0>), tensor([[[[0.7109, 0.6057, 0.4433,  ..., 0.4315, 0.4264, 0.4274],
          [0.5740, 0.6728, 0.4395,  ..., 0.4137, 0.4302, 0.4548],
          [0.5791, 0.6532, 0.4178,  ..., 0.4051, 0.4262, 0.4619],
          ...,
          [0.5104, 0.5056, 0.3962,  ..., 0.4214, 0.4427, 0.4905],
          [0.4103, 0.2897, 0.3199,  ..., 0.4519, 0.4589, 0.4903],
          [0.3638, 0.3128, 0.2627,  ..., 0.5050, 0.5024, 0.5136]]]],
       grad_fn=<SigmoidBackward0>), tensor([[[[0.3156, 0.2726, 0.4185,  ..., 0.3788, 0.4019, 0.4282],
          [0.2961, 0.2219, 0.4373,  ..., 0.4602, 0.4924, 0.4881],
          [0.3566, 0.2169, 0.4138,  ..., 0.4708, 0.5109, 0.5092],
          ...,
          [0.5745, 0.4528, 0.3870,  ..., 0.4329, 0.4432, 0.4566],
          [0.4040, 0.5828, 0.5388,  ..., 0.4405, 0.4310, 0.4621],
          [0.6564, 0.2808, 0.1940,  ..., 0.4340, 0.4430, 0.4680]]]],
       grad_fn=<SigmoidBackward0>), tensor([[[[0.3698, 0.3575, 0.4356,  ..., 0.4654, 0.4545, 0.4666],
          [0.3796, 0.3705, 0.4021,  ..., 0.4484, 0.4414, 0.4573],
          [0.4054, 0.3705, 0.4175,  ..., 0.4602, 0.4540, 0.4709],
          ...,
          [0.4151, 0.4358, 0.4481,  ..., 0.4831, 0.4602, 0.4689],
          [0.4721, 0.3962, 0.4223,  ..., 0.4798, 0.4651, 0.4870],
          [0.3900, 0.4125, 0.4682,  ..., 0.5210, 0.5198, 0.5360]]]],
       grad_fn=<SigmoidBackward0>)]