[tensor([[[[0.4965, 0.5012, 0.5278,  ..., 0.4810, 0.4684, 0.4696],
          [0.5176, 0.5233, 0.5478,  ..., 0.5003, 0.5041, 0.4877],
          [0.5222, 0.5272, 0.5498,  ..., 0.4964, 0.4725, 0.4750],
          ...,
          [0.5085, 0.5092, 0.5257,  ..., 0.5290, 0.4753, 0.4813],
          [0.5048, 0.5036, 0.5199,  ..., 0.5052, 0.5199, 0.5603],
          [0.5116, 0.5282, 0.5319,  ..., 0.5503, 0.6429, 0.6774]]]],
       grad_fn=<SigmoidBackward0>), tensor([[[[0.5069, 0.4466, 0.4284,  ..., 0.4464, 0.4326, 0.4434],
          [0.5052, 0.4376, 0.4420,  ..., 0.4210, 0.4124, 0.3902],
          [0.4986, 0.4330, 0.4483,  ..., 0.3816, 0.3626, 0.3786],
          ...,
          [0.4981, 0.4238, 0.4242,  ..., 0.4768, 0.4266, 0.3737],
          [0.5174, 0.4398, 0.4347,  ..., 0.4246, 0.4416, 0.5108],
          [0.5262, 0.4755, 0.4727,  ..., 0.4903, 0.5018, 0.5883]]]],
       grad_fn=<SigmoidBackward0>), tensor([[[[0.3707, 0.3445, 0.3467,  ..., 0.4633, 0.4895, 0.5333],
          [0.3531, 0.3193, 0.3300,  ..., 0.4360, 0.4611, 0.5523],
          [0.3492, 0.3210, 0.3384,  ..., 0.4488, 0.4524, 0.5707],
          ...,
          [0.3607, 0.3327, 0.3323,  ..., 0.4001, 0.4382, 0.5169],
          [0.3633, 0.3389, 0.3404,  ..., 0.5513, 0.5934, 0.5704],
          [0.3665, 0.3475, 0.3486,  ..., 0.4127, 0.4937, 0.6499]]]],
       grad_fn=<SigmoidBackward0>), tensor([[[[0.4135, 0.4004, 0.4004,  ..., 0.4566, 0.4800, 0.4944],
          [0.3935, 0.3515, 0.3620,  ..., 0.4074, 0.4280, 0.4601],
          [0.3920, 0.3551, 0.3680,  ..., 0.4255, 0.4358, 0.4684],
          ...,
          [0.4062, 0.3661, 0.3845,  ..., 0.4552, 0.4690, 0.4967],
          [0.4172, 0.3774, 0.3896,  ..., 0.4634, 0.4727, 0.5013],
          [0.4343, 0.4035, 0.4120,  ..., 0.4858, 0.4901, 0.5032]]]],
       grad_fn=<SigmoidBackward0>)]