[tensor([[[[0.6251, 0.7313, 0.6641,  ..., 0.9047, 0.8810, 0.9861],
          [0.6988, 0.7728, 0.5769,  ..., 0.7638, 0.8383, 0.8815],
          [0.8641, 0.8616, 0.5541,  ..., 0.6170, 0.6710, 0.5735],
          ...,
          [0.8696, 0.8536, 0.5160,  ..., 0.8092, 0.6641, 0.8363],
          [0.8907, 0.8621, 0.5928,  ..., 0.7711, 0.6508, 0.7532],
          [0.8784, 0.7792, 0.5170,  ..., 0.7272, 0.5672, 0.8909]]]],
       grad_fn=<SigmoidBackward0>), tensor([[[[0.5238, 0.5896, 0.6305,  ..., 0.5620, 0.8121, 0.5171],
          [0.6723, 0.4979, 0.4431,  ..., 0.4332, 0.6272, 0.6531],
          [0.7609, 0.5964, 0.5000,  ..., 0.7841, 0.8261, 0.6494],
          ...,
          [0.5916, 0.5363, 0.3023,  ..., 0.5250, 0.6394, 0.5692],
          [0.6358, 0.6457, 0.3739,  ..., 0.6353, 0.7626, 0.7040],
          [0.4102, 0.4998, 0.4467,  ..., 0.6627, 0.6877, 0.6489]]]],
       grad_fn=<SigmoidBackward0>), tensor([[[[0.5642, 0.2008, 0.3126,  ..., 0.6092, 0.2462, 0.1174],
          [0.3931, 0.4389, 0.4999,  ..., 0.8038, 0.4984, 0.0762],
          [0.5070, 0.3622, 0.4867,  ..., 0.5039, 0.4043, 0.1279],
          ...,
          [0.4709, 0.1868, 0.2711,  ..., 0.4108, 0.3183, 0.4904],
          [0.4814, 0.1996, 0.2594,  ..., 0.4433, 0.3452, 0.3998],
          [0.3335, 0.2722, 0.2841,  ..., 0.5265, 0.3683, 0.3967]]]],
       grad_fn=<SigmoidBackward0>), tensor([[[[0.1482, 0.1664, 0.2856,  ..., 0.3017, 0.2649, 0.1477],
          [0.1424, 0.2153, 0.4133,  ..., 0.2685, 0.2313, 0.1879],
          [0.1663, 0.2301, 0.4724,  ..., 0.3155, 0.4160, 0.3382],
          ...,
          [0.4540, 0.3739, 0.4674,  ..., 0.5018, 0.5788, 0.3803],
          [0.4908, 0.4374, 0.4203,  ..., 0.5259, 0.6189, 0.4435],
          [0.4979, 0.5412, 0.5642,  ..., 0.5623, 0.6505, 0.4102]]]],
       grad_fn=<SigmoidBackward0>)]