[tensor([[[[0.4961, 0.5009, 0.5272,  ..., 0.4816, 0.4692, 0.4703],
          [0.5171, 0.5227, 0.5473,  ..., 0.5003, 0.5043, 0.4882],
          [0.5213, 0.5265, 0.5492,  ..., 0.4959, 0.4723, 0.4756],
          ...,
          [0.5083, 0.5092, 0.5255,  ..., 0.5285, 0.4753, 0.4818],
          [0.5042, 0.5030, 0.5196,  ..., 0.5043, 0.5200, 0.5616],
          [0.5106, 0.5273, 0.5313,  ..., 0.5486, 0.6417, 0.6764]]]],
       grad_fn=<SigmoidBackward0>), tensor([[[[0.5065, 0.4467, 0.4283,  ..., 0.4460, 0.4322, 0.4444],
          [0.5055, 0.4383, 0.4425,  ..., 0.4212, 0.4128, 0.3915],
          [0.4997, 0.4339, 0.4494,  ..., 0.3817, 0.3633, 0.3801],
          ...,
          [0.4982, 0.4244, 0.4249,  ..., 0.4785, 0.4315, 0.3786],
          [0.5175, 0.4408, 0.4356,  ..., 0.4279, 0.4466, 0.5160],
          [0.5269, 0.4760, 0.4738,  ..., 0.4915, 0.5007, 0.5860]]]],
       grad_fn=<SigmoidBackward0>), tensor([[[[0.3704, 0.3444, 0.3464,  ..., 0.4633, 0.4916, 0.5363],
          [0.3531, 0.3182, 0.3286,  ..., 0.4360, 0.4627, 0.5535],
          [0.3491, 0.3199, 0.3376,  ..., 0.4488, 0.4528, 0.5721],
          ...,
          [0.3603, 0.3325, 0.3319,  ..., 0.3983, 0.4338, 0.5152],
          [0.3630, 0.3385, 0.3398,  ..., 0.5451, 0.5875, 0.5670],
          [0.3665, 0.3462, 0.3468,  ..., 0.4048, 0.4870, 0.6513]]]],
       grad_fn=<SigmoidBackward0>), tensor([[[[0.4136, 0.4005, 0.4005,  ..., 0.4574, 0.4804, 0.4945],
          [0.3929, 0.3521, 0.3625,  ..., 0.4084, 0.4286, 0.4606],
          [0.3919, 0.3561, 0.3693,  ..., 0.4264, 0.4358, 0.4686],
          ...,
          [0.4062, 0.3672, 0.3846,  ..., 0.4538, 0.4670, 0.4927],
          [0.4173, 0.3783, 0.3897,  ..., 0.4615, 0.4710, 0.4995],
          [0.4347, 0.4042, 0.4120,  ..., 0.4839, 0.4896, 0.5040]]]],
       grad_fn=<SigmoidBackward0>)]