[tensor([[[[0.4744, 0.4670, 0.4414,  ..., 0.4384, 0.4611, 0.4654],
          [0.4542, 0.4522, 0.4025,  ..., 0.4567, 0.4694, 0.4162],
          [0.4555, 0.4361, 0.3763,  ..., 0.4481, 0.4267, 0.3482],
          ...,
          [0.4469, 0.4406, 0.3986,  ..., 0.4404, 0.4454, 0.3968],
          [0.4494, 0.4484, 0.4171,  ..., 0.4807, 0.4873, 0.3679],
          [0.4635, 0.4747, 0.4535,  ..., 0.4164, 0.4331, 0.3070]]]],
       grad_fn=<SigmoidBackward0>), tensor([[[[0.4165, 0.3831, 0.3606,  ..., 0.4140, 0.4260, 0.4333],
          [0.4041, 0.3620, 0.3355,  ..., 0.4118, 0.4344, 0.4268],
          [0.4004, 0.3469, 0.3125,  ..., 0.3876, 0.4121, 0.4150],
          ...,
          [0.3953, 0.3328, 0.2950,  ..., 0.2791, 0.3252, 0.3336],
          [0.4023, 0.3498, 0.3217,  ..., 0.3185, 0.2965, 0.2527],
          [0.4276, 0.4184, 0.3971,  ..., 0.3060, 0.2817, 0.1754]]]],
       grad_fn=<SigmoidBackward0>), tensor([[[[0.2850, 0.2805, 0.2798,  ..., 0.2885, 0.3070, 0.3061],
          [0.2596, 0.2528, 0.2533,  ..., 0.2716, 0.2929, 0.2902],
          [0.2377, 0.2312, 0.2316,  ..., 0.2473, 0.2974, 0.2749],
          ...,
          [0.2366, 0.2136, 0.2095,  ..., 0.2413, 0.2689, 0.3123],
          [0.2638, 0.2503, 0.2392,  ..., 0.3126, 0.2680, 0.2909],
          [0.2952, 0.2989, 0.2949,  ..., 0.2676, 0.2786, 0.2936]]]],
       grad_fn=<SigmoidBackward0>), tensor([[[[0.3827, 0.3784, 0.3706,  ..., 0.3753, 0.3866, 0.3921],
          [0.3689, 0.3782, 0.3683,  ..., 0.3792, 0.3892, 0.3981],
          [0.3877, 0.3825, 0.3752,  ..., 0.3765, 0.3948, 0.4068],
          ...,
          [0.3869, 0.3759, 0.3651,  ..., 0.3251, 0.3316, 0.3488],
          [0.3797, 0.3993, 0.3880,  ..., 0.3265, 0.3396, 0.3650],
          [0.3691, 0.3970, 0.4066,  ..., 0.3364, 0.3331, 0.3695]]]],
       grad_fn=<SigmoidBackward0>)]