[tensor([[[[0.4574, 0.4704, 0.4971,  ..., 0.5059, 0.5080, 0.5093],
          [0.4896, 0.4887, 0.5027,  ..., 0.5098, 0.5162, 0.5060],
          [0.5054, 0.4980, 0.5033,  ..., 0.5046, 0.5003, 0.4909],
          ...,
          [0.6125, 0.6563, 0.5162,  ..., 0.5675, 0.5369, 0.5747],
          [0.6678, 0.6072, 0.5367,  ..., 0.5845, 0.6254, 0.6654],
          [0.7417, 0.7148, 0.5939,  ..., 0.6615, 0.7133, 0.7417]]]],
       grad_fn=<SigmoidBackward0>), tensor([[[[0.4470, 0.4013, 0.3949,  ..., 0.4056, 0.4236, 0.4416],
          [0.4465, 0.3988, 0.4087,  ..., 0.4218, 0.4368, 0.4239],
          [0.4516, 0.4097, 0.4314,  ..., 0.4450, 0.4477, 0.4295],
          ...,
          [0.5525, 0.5236, 0.4243,  ..., 0.3966, 0.3820, 0.3769],
          [0.5735, 0.4708, 0.4240,  ..., 0.3824, 0.4063, 0.4698],
          [0.5203, 0.4335, 0.4423,  ..., 0.4056, 0.3772, 0.3792]]]],
       grad_fn=<SigmoidBackward0>), tensor([[[[0.4105, 0.3734, 0.3588,  ..., 0.3516, 0.3462, 0.3624],
          [0.3823, 0.3535, 0.3569,  ..., 0.3548, 0.3451, 0.3623],
          [0.3783, 0.3619, 0.3721,  ..., 0.3725, 0.3502, 0.3660],
          ...,
          [0.4221, 0.3164, 0.4276,  ..., 0.4044, 0.4394, 0.5157],
          [0.4679, 0.3668, 0.4050,  ..., 0.4957, 0.5246, 0.5005],
          [0.4674, 0.3386, 0.3546,  ..., 0.3952, 0.4897, 0.5602]]]],
       grad_fn=<SigmoidBackward0>), tensor([[[[0.4700, 0.4362, 0.4318,  ..., 0.4361, 0.4406, 0.4471],
          [0.4357, 0.3915, 0.4054,  ..., 0.4175, 0.4235, 0.4528],
          [0.4285, 0.3900, 0.4153,  ..., 0.4324, 0.4383, 0.4637],
          ...,
          [0.4814, 0.4487, 0.4474,  ..., 0.4360, 0.4392, 0.4594],
          [0.4908, 0.4650, 0.4665,  ..., 0.4508, 0.4422, 0.4239],
          [0.4583, 0.4551, 0.4524,  ..., 0.4251, 0.4372, 0.3952]]]],
       grad_fn=<SigmoidBackward0>)]