[tensor([[[[0.4121, 0.4287, 0.4518,  ..., 0.5308, 0.4856, 0.4779],
          [0.4860, 0.4938, 0.5173,  ..., 0.5764, 0.5727, 0.5356],
          [0.5134, 0.5215, 0.5418,  ..., 0.6231, 0.5540, 0.5171],
          ...,
          [0.4525, 0.4708, 0.4778,  ..., 0.7647, 0.6521, 0.6737],
          [0.4673, 0.4772, 0.4916,  ..., 0.6518, 0.7341, 0.7856],
          [0.4701, 0.5155, 0.5163,  ..., 0.7949, 0.8468, 0.8730]]]],
       grad_fn=<SigmoidBackward0>), tensor([[[[0.4952, 0.4464, 0.4420,  ..., 0.4956, 0.4884, 0.4686],
          [0.4924, 0.4690, 0.4730,  ..., 0.4594, 0.4707, 0.4953],
          [0.4872, 0.4584, 0.4671,  ..., 0.3464, 0.3667, 0.4210],
          ...,
          [0.4998, 0.4822, 0.4951,  ..., 0.4409, 0.3890, 0.3417],
          [0.5190, 0.4930, 0.5141,  ..., 0.3635, 0.4697, 0.7402],
          [0.5405, 0.5218, 0.5315,  ..., 0.4366, 0.4359, 0.6396]]]],
       grad_fn=<SigmoidBackward0>), tensor([[[[0.4392, 0.4023, 0.4043,  ..., 0.5278, 0.5690, 0.5690],
          [0.4390, 0.3970, 0.4117,  ..., 0.5551, 0.6039, 0.6664],
          [0.4349, 0.4083, 0.4214,  ..., 0.4922, 0.5677, 0.6546],
          ...,
          [0.4763, 0.3918, 0.3926,  ..., 0.3679, 0.3241, 0.3478],
          [0.4626, 0.3909, 0.4003,  ..., 0.5973, 0.6220, 0.5079],
          [0.4481, 0.3897, 0.3985,  ..., 0.3058, 0.5236, 0.5184]]]],
       grad_fn=<SigmoidBackward0>), tensor([[[[0.5909, 0.5403, 0.5343,  ..., 0.5822, 0.6162, 0.5943],
          [0.5236, 0.4587, 0.4850,  ..., 0.5823, 0.6147, 0.5767],
          [0.5206, 0.4506, 0.4885,  ..., 0.5577, 0.6254, 0.5637],
          ...,
          [0.5112, 0.4461, 0.5255,  ..., 0.4740, 0.5075, 0.4380],
          [0.5293, 0.4594, 0.5077,  ..., 0.4559, 0.4881, 0.4867],
          [0.5434, 0.4807, 0.5153,  ..., 0.5449, 0.5642, 0.4670]]]],
       grad_fn=<SigmoidBackward0>)]