[tensor([[[[0.4573, 0.4566, 0.4194,  ..., 0.4308, 0.4048, 0.4135],
          [0.5028, 0.5112, 0.4541,  ..., 0.4590, 0.4217, 0.4094],
          [0.5292, 0.4921, 0.4427,  ..., 0.4762, 0.3981, 0.3956],
          ...,
          [0.4877, 0.4736, 0.4783,  ..., 0.4745, 0.4700, 0.4800],
          [0.4995, 0.4874, 0.4882,  ..., 0.4814, 0.4828, 0.4873],
          [0.5222, 0.5181, 0.5137,  ..., 0.5028, 0.5065, 0.5050]]]],
       grad_fn=<SigmoidBackward0>), tensor([[[[0.4974, 0.4530, 0.4198,  ..., 0.4601, 0.4472, 0.4596],
          [0.4955, 0.4728, 0.4317,  ..., 0.4229, 0.4283, 0.4332],
          [0.4833, 0.4576, 0.4193,  ..., 0.4051, 0.3926, 0.4038],
          ...,
          [0.4184, 0.3778, 0.3326,  ..., 0.3394, 0.3500, 0.3653],
          [0.4138, 0.3831, 0.3454,  ..., 0.3451, 0.3575, 0.3758],
          [0.4143, 0.3988, 0.3760,  ..., 0.3761, 0.3844, 0.3946]]]],
       grad_fn=<SigmoidBackward0>), tensor([[[[0.3506, 0.3314, 0.4241,  ..., 0.3459, 0.3365, 0.3332],
          [0.3941, 0.3143, 0.4277,  ..., 0.3409, 0.3456, 0.3724],
          [0.3784, 0.3029, 0.4066,  ..., 0.3510, 0.3717, 0.4055],
          ...,
          [0.3036, 0.3156, 0.3247,  ..., 0.2877, 0.2779, 0.2842],
          [0.3064, 0.3151, 0.3234,  ..., 0.2962, 0.2930, 0.3020],
          [0.3227, 0.3335, 0.3478,  ..., 0.3348, 0.3255, 0.3421]]]],
       grad_fn=<SigmoidBackward0>), tensor([[[[0.3495, 0.3444, 0.3605,  ..., 0.3569, 0.3638, 0.3775],
          [0.3632, 0.3490, 0.3541,  ..., 0.3556, 0.3619, 0.3685],
          [0.3666, 0.3531, 0.3621,  ..., 0.3697, 0.3712, 0.3660],
          ...,
          [0.3483, 0.3259, 0.3451,  ..., 0.3488, 0.3525, 0.3757],
          [0.3548, 0.3414, 0.3559,  ..., 0.3568, 0.3581, 0.3811],
          [0.3708, 0.3692, 0.3808,  ..., 0.3758, 0.3794, 0.3997]]]],
       grad_fn=<SigmoidBackward0>)]