[tensor([[[[0.4324, 0.4384, 0.4102,  ..., 0.4393, 0.3973, 0.3919],
          [0.4681, 0.4369, 0.3950,  ..., 0.4556, 0.3872, 0.3683],
          [0.4755, 0.4278, 0.4161,  ..., 0.5036, 0.3715, 0.3575],
          ...,
          [0.4854, 0.4873, 0.4386,  ..., 0.4480, 0.4516, 0.4695],
          [0.4780, 0.4856, 0.4509,  ..., 0.4464, 0.4597, 0.4758],
          [0.4855, 0.4832, 0.4598,  ..., 0.4515, 0.4759, 0.4723]]]],
       grad_fn=<SigmoidBackward0>), tensor([[[[0.4288, 0.3865, 0.3713,  ..., 0.4286, 0.4173, 0.4318],
          [0.4477, 0.4093, 0.3816,  ..., 0.4056, 0.4371, 0.3979],
          [0.4161, 0.4033, 0.3699,  ..., 0.4129, 0.3827, 0.3957],
          ...,
          [0.3971, 0.3527, 0.3184,  ..., 0.3053, 0.3174, 0.3494],
          [0.3970, 0.3589, 0.3348,  ..., 0.3311, 0.3364, 0.3622],
          [0.4266, 0.4147, 0.3909,  ..., 0.4057, 0.3954, 0.4055]]]],
       grad_fn=<SigmoidBackward0>), tensor([[[[0.3349, 0.4167, 0.3128,  ..., 0.3463, 0.3487, 0.3435],
          [0.3781, 0.4317, 0.3201,  ..., 0.3317, 0.3510, 0.3750],
          [0.3904, 0.3664, 0.2952,  ..., 0.3548, 0.4066, 0.4209],
          ...,
          [0.2794, 0.2741, 0.2751,  ..., 0.2806, 0.3094, 0.3569],
          [0.2868, 0.2850, 0.2901,  ..., 0.3037, 0.3292, 0.3682],
          [0.2979, 0.2989, 0.3013,  ..., 0.3121, 0.3255, 0.3632]]]],
       grad_fn=<SigmoidBackward0>), tensor([[[[0.2998, 0.2779, 0.2665,  ..., 0.2977, 0.3195, 0.3332],
          [0.2951, 0.2612, 0.2510,  ..., 0.2946, 0.3113, 0.3114],
          [0.2862, 0.2552, 0.2621,  ..., 0.3238, 0.3112, 0.3100],
          ...,
          [0.2897, 0.2983, 0.3228,  ..., 0.2988, 0.3018, 0.3276],
          [0.3018, 0.3083, 0.3296,  ..., 0.3114, 0.3128, 0.3420],
          [0.3210, 0.3310, 0.3494,  ..., 0.3380, 0.3454, 0.3729]]]],
       grad_fn=<SigmoidBackward0>)]