[tensor([[[[0.4954, 0.5219, 0.5070,  ..., 0.4998, 0.5002, 0.5020],
          [0.4954, 0.5353, 0.4984,  ..., 0.4942, 0.5041, 0.4929],
          [0.5239, 0.5355, 0.4862,  ..., 0.4835, 0.4841, 0.4719],
          ...,
          [0.5894, 0.5220, 0.4056,  ..., 0.4399, 0.4317, 0.3694],
          [0.6760, 0.6620, 0.5038,  ..., 0.5497, 0.4939, 0.4144],
          [0.6904, 0.7577, 0.4679,  ..., 0.3765, 0.4233, 0.3926]]]],
       grad_fn=<SigmoidBackward0>), tensor([[[[0.4381, 0.3942, 0.3704,  ..., 0.3690, 0.3799, 0.4022],
          [0.4375, 0.3896, 0.3656,  ..., 0.3602, 0.3720, 0.3975],
          [0.4293, 0.3798, 0.3500,  ..., 0.3475, 0.3574, 0.3912],
          ...,
          [0.5167, 0.4658, 0.3595,  ..., 0.3494, 0.3686, 0.3200],
          [0.3784, 0.3819, 0.3747,  ..., 0.3405, 0.3122, 0.1954],
          [0.2792, 0.4200, 0.3178,  ..., 0.2389, 0.2221, 0.1008]]]],
       grad_fn=<SigmoidBackward0>), tensor([[[[0.3306, 0.3455, 0.3459,  ..., 0.3379, 0.3437, 0.3404],
          [0.3015, 0.3330, 0.3434,  ..., 0.3370, 0.3527, 0.3641],
          [0.2834, 0.3022, 0.3132,  ..., 0.3252, 0.3391, 0.3724],
          ...,
          [0.2592, 0.2913, 0.4070,  ..., 0.2128, 0.3480, 0.3703],
          [0.1561, 0.3802, 0.4534,  ..., 0.4022, 0.3579, 0.3307],
          [0.2649, 0.1572, 0.2468,  ..., 0.2219, 0.1874, 0.2518]]]],
       grad_fn=<SigmoidBackward0>), tensor([[[[0.3985, 0.3664, 0.3596,  ..., 0.3425, 0.3383, 0.3411],
          [0.3604, 0.3469, 0.3557,  ..., 0.3506, 0.3522, 0.3669],
          [0.3470, 0.3379, 0.3606,  ..., 0.3555, 0.3547, 0.3728],
          ...,
          [0.3226, 0.3591, 0.3617,  ..., 0.3516, 0.3435, 0.3710],
          [0.3413, 0.3390, 0.3844,  ..., 0.3366, 0.3323, 0.3645],
          [0.3199, 0.3640, 0.3684,  ..., 0.3219, 0.2853, 0.3161]]]],
       grad_fn=<SigmoidBackward0>)]