[tensor([[[[0.5494, 0.4930, 0.4538,  ..., 0.4955, 0.5091, 0.5329],
          [0.6069, 0.5759, 0.4776,  ..., 0.5114, 0.5305, 0.5480],
          [0.6389, 0.5610, 0.4614,  ..., 0.5113, 0.5203, 0.5360],
          ...,
          [0.6686, 0.5797, 0.4765,  ..., 0.5305, 0.5275, 0.5393],
          [0.6129, 0.5856, 0.4417,  ..., 0.5360, 0.5435, 0.5492],
          [0.6004, 0.5535, 0.4304,  ..., 0.5578, 0.5657, 0.5595]]]],
       grad_fn=<SigmoidBackward0>), tensor([[[[0.5473, 0.5031, 0.4669,  ..., 0.4141, 0.4186, 0.4155],
          [0.5337, 0.5320, 0.4490,  ..., 0.4097, 0.4023, 0.3964],
          [0.5313, 0.5124, 0.4412,  ..., 0.4020, 0.3962, 0.3883],
          ...,
          [0.6098, 0.5531, 0.4755,  ..., 0.3680, 0.3764, 0.3841],
          [0.5124, 0.4234, 0.3977,  ..., 0.3638, 0.3700, 0.3931],
          [0.4844, 0.4177, 0.3840,  ..., 0.3951, 0.4066, 0.4199]]]],
       grad_fn=<SigmoidBackward0>), tensor([[[[0.3291, 0.3601, 0.4373,  ..., 0.2775, 0.2680, 0.2674],
          [0.4081, 0.3382, 0.4596,  ..., 0.2983, 0.2858, 0.2740],
          [0.4247, 0.3306, 0.4602,  ..., 0.3318, 0.3138, 0.2990],
          ...,
          [0.4082, 0.3127, 0.4554,  ..., 0.3170, 0.3161, 0.3243],
          [0.3765, 0.4577, 0.5269,  ..., 0.3433, 0.3397, 0.3472],
          [0.5342, 0.4113, 0.3194,  ..., 0.4147, 0.4042, 0.4211]]]],
       grad_fn=<SigmoidBackward0>), tensor([[[[0.4034, 0.3752, 0.3938,  ..., 0.3730, 0.3737, 0.3843],
          [0.3971, 0.3785, 0.3800,  ..., 0.3691, 0.3728, 0.3985],
          [0.4076, 0.3859, 0.3934,  ..., 0.3696, 0.3757, 0.4056],
          ...,
          [0.4229, 0.4165, 0.4333,  ..., 0.3732, 0.3747, 0.4039],
          [0.4338, 0.4217, 0.4295,  ..., 0.3827, 0.3828, 0.4082],
          [0.4706, 0.4417, 0.4612,  ..., 0.4008, 0.4053, 0.4289]]]],
       grad_fn=<SigmoidBackward0>)]