[tensor([[[[0.9027, 0.7540, 0.5799,  ..., 0.5278, 0.4860, 0.4898],
          [0.8511, 0.8720, 0.6839,  ..., 0.5643, 0.5763, 0.5647],
          [0.8888, 0.8742, 0.7243,  ..., 0.5750, 0.5348, 0.5356],
          ...,
          [0.4661, 0.4687, 0.4933,  ..., 0.4835, 0.4708, 0.4549],
          [0.4819, 0.4780, 0.4929,  ..., 0.4766, 0.4691, 0.4462],
          [0.5039, 0.5286, 0.5254,  ..., 0.4956, 0.4740, 0.4664]]]],
       grad_fn=<SigmoidBackward0>), tensor([[[[0.8603, 0.7016, 0.5466,  ..., 0.4994, 0.5028, 0.5212],
          [0.8618, 0.8632, 0.6250,  ..., 0.5510, 0.5453, 0.5753],
          [0.8273, 0.7886, 0.5196,  ..., 0.4245, 0.4120, 0.4744],
          ...,
          [0.4309, 0.4183, 0.4513,  ..., 0.4695, 0.4746, 0.4693],
          [0.4705, 0.4469, 0.4790,  ..., 0.4879, 0.4875, 0.4808],
          [0.5022, 0.4921, 0.5108,  ..., 0.5302, 0.5199, 0.5268]]]],
       grad_fn=<SigmoidBackward0>), tensor([[[[0.4079, 0.3731, 0.4369,  ..., 0.5810, 0.6085, 0.5808],
          [0.4420, 0.3010, 0.5274,  ..., 0.5571, 0.5460, 0.5616],
          [0.3440, 0.2986, 0.4733,  ..., 0.4839, 0.5407, 0.6258],
          ...,
          [0.4332, 0.3694, 0.3893,  ..., 0.4175, 0.3784, 0.3485],
          [0.4009, 0.3500, 0.3856,  ..., 0.3903, 0.3681, 0.3415],
          [0.3681, 0.3278, 0.3675,  ..., 0.3740, 0.3569, 0.3666]]]],
       grad_fn=<SigmoidBackward0>), tensor([[[[0.4851, 0.3311, 0.3756,  ..., 0.6031, 0.5742, 0.5160],
          [0.5118, 0.5563, 0.4656,  ..., 0.5796, 0.5287, 0.5599],
          [0.4679, 0.3631, 0.4139,  ..., 0.4974, 0.5167, 0.5255],
          ...,
          [0.4981, 0.4387, 0.4999,  ..., 0.5001, 0.5030, 0.4971],
          [0.5162, 0.4798, 0.5246,  ..., 0.5029, 0.5067, 0.4959],
          [0.5320, 0.5261, 0.5473,  ..., 0.5252, 0.5424, 0.5279]]]],
       grad_fn=<SigmoidBackward0>)]