[tensor([[[[0.5534, 0.4606, 0.4673,  ..., 0.5114, 0.4851, 0.4816],
          [0.5608, 0.6001, 0.4999,  ..., 0.4802, 0.4851, 0.4590],
          [0.6177, 0.5924, 0.5049,  ..., 0.4412, 0.4327, 0.4507],
          ...,
          [0.4388, 0.4928, 0.5163,  ..., 0.4338, 0.4474, 0.4833],
          [0.5410, 0.5604, 0.5120,  ..., 0.4683, 0.4843, 0.5076],
          [0.4532, 0.4231, 0.3969,  ..., 0.5413, 0.5388, 0.5229]]]],
       grad_fn=<SigmoidBackward0>), tensor([[[[0.5835, 0.5249, 0.5121,  ..., 0.4741, 0.4889, 0.4992],
          [0.5216, 0.5468, 0.5074,  ..., 0.4265, 0.4396, 0.4640],
          [0.5475, 0.5589, 0.4661,  ..., 0.3924, 0.4069, 0.4443],
          ...,
          [0.4592, 0.4527, 0.3756,  ..., 0.3742, 0.4189, 0.4540],
          [0.3525, 0.3794, 0.4032,  ..., 0.3833, 0.4096, 0.4322],
          [0.3280, 0.3632, 0.3969,  ..., 0.4396, 0.4507, 0.4508]]]],
       grad_fn=<SigmoidBackward0>), tensor([[[[0.2964, 0.3536, 0.3681,  ..., 0.3230, 0.3422, 0.3915],
          [0.4060, 0.4029, 0.4558,  ..., 0.3145, 0.3478, 0.3977],
          [0.3563, 0.3694, 0.3731,  ..., 0.3110, 0.3491, 0.3963],
          ...,
          [0.3898, 0.5119, 0.3975,  ..., 0.3251, 0.3460, 0.3575],
          [0.2264, 0.5105, 0.4828,  ..., 0.3723, 0.3737, 0.3601],
          [0.3077, 0.2450, 0.3522,  ..., 0.3777, 0.3687, 0.3605]]]],
       grad_fn=<SigmoidBackward0>), tensor([[[[0.4580, 0.4444, 0.4460,  ..., 0.4323, 0.4406, 0.4558],
          [0.4538, 0.4434, 0.4671,  ..., 0.4141, 0.4252, 0.4448],
          [0.4524, 0.4553, 0.4625,  ..., 0.4249, 0.4191, 0.4397],
          ...,
          [0.4361, 0.4389, 0.4284,  ..., 0.3903, 0.3986, 0.4212],
          [0.4416, 0.4383, 0.4414,  ..., 0.3958, 0.3983, 0.4161],
          [0.4365, 0.4406, 0.4551,  ..., 0.4036, 0.4027, 0.4133]]]],
       grad_fn=<SigmoidBackward0>)]