[tensor([[[[0.5107, 0.5277, 0.5148,  ..., 0.4363, 0.4621, 0.4573],
          [0.5111, 0.5369, 0.4987,  ..., 0.4102, 0.4380, 0.3932],
          [0.5276, 0.5322, 0.4708,  ..., 0.4362, 0.4084, 0.3724],
          ...,
          [0.5218, 0.5344, 0.4764,  ..., 0.4823, 0.4513, 0.4301],
          [0.5238, 0.5374, 0.4965,  ..., 0.5097, 0.5302, 0.4640],
          [0.5327, 0.5396, 0.5072,  ..., 0.4693, 0.4185, 0.3567]]]],
       grad_fn=<SigmoidBackward0>), tensor([[[[0.4215, 0.3851, 0.3640,  ..., 0.4179, 0.4333, 0.4441],
          [0.4190, 0.3792, 0.3587,  ..., 0.4115, 0.4407, 0.4243],
          [0.4147, 0.3742, 0.3501,  ..., 0.4005, 0.4232, 0.4224],
          ...,
          [0.4075, 0.3664, 0.3427,  ..., 0.4091, 0.3984, 0.3789],
          [0.4181, 0.3825, 0.3695,  ..., 0.3938, 0.3473, 0.2531],
          [0.4517, 0.4449, 0.4317,  ..., 0.3492, 0.2798, 0.1569]]]],
       grad_fn=<SigmoidBackward0>), tensor([[[[0.3246, 0.3393, 0.3364,  ..., 0.2637, 0.2803, 0.3010],
          [0.3037, 0.3327, 0.3372,  ..., 0.2561, 0.2823, 0.2817],
          [0.3008, 0.3186, 0.3310,  ..., 0.2287, 0.2751, 0.2760],
          ...,
          [0.3117, 0.3117, 0.3108,  ..., 0.3914, 0.3479, 0.3848],
          [0.3188, 0.3288, 0.3231,  ..., 0.4984, 0.3482, 0.3172],
          [0.3086, 0.3243, 0.3230,  ..., 0.3342, 0.2543, 0.3450]]]],
       grad_fn=<SigmoidBackward0>), tensor([[[[0.3767, 0.3497, 0.3443,  ..., 0.2917, 0.3106, 0.3479],
          [0.3452, 0.3266, 0.3316,  ..., 0.2860, 0.3160, 0.3300],
          [0.3260, 0.3147, 0.3313,  ..., 0.2909, 0.3279, 0.3468],
          ...,
          [0.3225, 0.3169, 0.3396,  ..., 0.3664, 0.3498, 0.3736],
          [0.3227, 0.3183, 0.3428,  ..., 0.3811, 0.3408, 0.3647],
          [0.3442, 0.3509, 0.3737,  ..., 0.3940, 0.3085, 0.3189]]]],
       grad_fn=<SigmoidBackward0>)]