[tensor([[[[0.4881, 0.4867, 0.5040,  ..., 0.5239, 0.5263, 0.5367],
          [0.5172, 0.5151, 0.5326,  ..., 0.5466, 0.5439, 0.5474],
          [0.5256, 0.5225, 0.5397,  ..., 0.5473, 0.5354, 0.5346],
          ...,
          [0.5911, 0.5885, 0.5215,  ..., 0.5255, 0.4906, 0.4742],
          [0.6616, 0.5852, 0.5203,  ..., 0.5100, 0.5278, 0.5523],
          [0.7395, 0.7012, 0.5656,  ..., 0.5245, 0.5772, 0.5976]]]],
       grad_fn=<SigmoidBackward0>), tensor([[[[0.5073, 0.4409, 0.4242,  ..., 0.4125, 0.4196, 0.4411],
          [0.5000, 0.4293, 0.4140,  ..., 0.4198, 0.4284, 0.4339],
          [0.4858, 0.4145, 0.4076,  ..., 0.4232, 0.4299, 0.4423],
          ...,
          [0.7449, 0.6179, 0.5700,  ..., 0.4929, 0.4871, 0.4421],
          [0.6864, 0.6354, 0.5647,  ..., 0.4913, 0.5124, 0.5686],
          [0.7357, 0.5972, 0.5766,  ..., 0.4735, 0.4818, 0.5492]]]],
       grad_fn=<SigmoidBackward0>), tensor([[[[0.3688, 0.3486, 0.3563,  ..., 0.3388, 0.3394, 0.3311],
          [0.3530, 0.3292, 0.3349,  ..., 0.3212, 0.3235, 0.3229],
          [0.3498, 0.3379, 0.3437,  ..., 0.3432, 0.3297, 0.3301],
          ...,
          [0.3966, 0.3246, 0.3697,  ..., 0.4371, 0.4739, 0.5317],
          [0.5614, 0.5143, 0.5450,  ..., 0.5758, 0.5858, 0.5417],
          [0.5645, 0.4988, 0.4810,  ..., 0.4923, 0.5620, 0.5597]]]],
       grad_fn=<SigmoidBackward0>), tensor([[[[0.3729, 0.3615, 0.3621,  ..., 0.3619, 0.3837, 0.4016],
          [0.3519, 0.3185, 0.3305,  ..., 0.3396, 0.3614, 0.3868],
          [0.3512, 0.3212, 0.3400,  ..., 0.3568, 0.3803, 0.3942],
          ...,
          [0.3990, 0.4167, 0.4558,  ..., 0.4373, 0.4205, 0.4282],
          [0.4095, 0.4310, 0.4562,  ..., 0.4396, 0.4351, 0.4504],
          [0.4328, 0.4281, 0.4475,  ..., 0.4606, 0.4613, 0.4617]]]],
       grad_fn=<SigmoidBackward0>)]