[tensor([[[[0.4597, 0.4577, 0.4315,  ..., 0.4335, 0.4057, 0.4067],
          [0.5035, 0.4907, 0.4550,  ..., 0.4564, 0.4225, 0.3955],
          [0.5218, 0.4908, 0.4405,  ..., 0.4602, 0.3895, 0.3756],
          ...,
          [0.4691, 0.4534, 0.4465,  ..., 0.4407, 0.4444, 0.4669],
          [0.4818, 0.4734, 0.4674,  ..., 0.4584, 0.4657, 0.4802],
          [0.5079, 0.5095, 0.5049,  ..., 0.4975, 0.5017, 0.5071]]]],
       grad_fn=<SigmoidBackward0>), tensor([[[[0.4728, 0.4296, 0.4113,  ..., 0.4044, 0.4167, 0.4386],
          [0.4602, 0.4537, 0.4035,  ..., 0.3811, 0.4079, 0.4065],
          [0.4463, 0.4555, 0.4045,  ..., 0.3804, 0.3824, 0.3873],
          ...,
          [0.3826, 0.3398, 0.3030,  ..., 0.3036, 0.3133, 0.3216],
          [0.3851, 0.3538, 0.3228,  ..., 0.3190, 0.3240, 0.3344],
          [0.3930, 0.3769, 0.3609,  ..., 0.3454, 0.3505, 0.3554]]]],
       grad_fn=<SigmoidBackward0>), tensor([[[[0.3424, 0.3378, 0.3982,  ..., 0.3580, 0.3351, 0.3157],
          [0.3645, 0.3300, 0.3679,  ..., 0.3242, 0.3214, 0.3515],
          [0.3382, 0.2923, 0.3541,  ..., 0.3418, 0.3544, 0.3697],
          ...,
          [0.2904, 0.2771, 0.2727,  ..., 0.2541, 0.2575, 0.2719],
          [0.2989, 0.2846, 0.2811,  ..., 0.2721, 0.2813, 0.2959],
          [0.3225, 0.3150, 0.3172,  ..., 0.3222, 0.3255, 0.3403]]]],
       grad_fn=<SigmoidBackward0>), tensor([[[[0.2988, 0.2946, 0.3061,  ..., 0.3133, 0.3272, 0.3484],
          [0.2968, 0.2861, 0.2952,  ..., 0.3163, 0.3170, 0.3346],
          [0.2941, 0.2909, 0.3062,  ..., 0.3249, 0.3338, 0.3355],
          ...,
          [0.3133, 0.2978, 0.3126,  ..., 0.3240, 0.3250, 0.3431],
          [0.3204, 0.3084, 0.3209,  ..., 0.3281, 0.3280, 0.3474],
          [0.3395, 0.3372, 0.3512,  ..., 0.3497, 0.3503, 0.3693]]]],
       grad_fn=<SigmoidBackward0>)]