[tensor([[[[0.4818, 0.5011, 0.4926,  ..., 0.4214, 0.4520, 0.4527],
          [0.4755, 0.5053, 0.4677,  ..., 0.4030, 0.4281, 0.3860],
          [0.4880, 0.4982, 0.4440,  ..., 0.4330, 0.4025, 0.3652],
          ...,
          [0.4856, 0.5061, 0.4481,  ..., 0.4730, 0.4467, 0.4305],
          [0.4897, 0.5045, 0.4653,  ..., 0.4914, 0.4976, 0.4161],
          [0.5060, 0.5071, 0.4753,  ..., 0.4503, 0.4021, 0.3111]]]],
       grad_fn=<SigmoidBackward0>), tensor([[[[0.4067, 0.3638, 0.3419,  ..., 0.3940, 0.4131, 0.4288],
          [0.4037, 0.3559, 0.3302,  ..., 0.3922, 0.4172, 0.4049],
          [0.4034, 0.3523, 0.3233,  ..., 0.3775, 0.3976, 0.4034],
          ...,
          [0.3866, 0.3376, 0.3150,  ..., 0.4019, 0.3939, 0.3669],
          [0.3950, 0.3584, 0.3399,  ..., 0.3802, 0.3420, 0.2302],
          [0.4325, 0.4223, 0.4052,  ..., 0.3605, 0.2887, 0.1411]]]],
       grad_fn=<SigmoidBackward0>), tensor([[[[0.3253, 0.3300, 0.3227,  ..., 0.2597, 0.2825, 0.2965],
          [0.2997, 0.3103, 0.3074,  ..., 0.2511, 0.2735, 0.2693],
          [0.2856, 0.2848, 0.2864,  ..., 0.2235, 0.2688, 0.2620],
          ...,
          [0.2959, 0.2857, 0.2722,  ..., 0.4073, 0.3680, 0.4038],
          [0.3050, 0.3064, 0.2960,  ..., 0.5005, 0.3607, 0.3189],
          [0.3085, 0.3118, 0.3102,  ..., 0.3189, 0.2808, 0.3236]]]],
       grad_fn=<SigmoidBackward0>), tensor([[[[0.3345, 0.3110, 0.3037,  ..., 0.2451, 0.2705, 0.3105],
          [0.3070, 0.2885, 0.2973,  ..., 0.2310, 0.2630, 0.2882],
          [0.2917, 0.2796, 0.2963,  ..., 0.2388, 0.2771, 0.3071],
          ...,
          [0.2781, 0.2754, 0.2953,  ..., 0.3514, 0.3287, 0.3579],
          [0.2793, 0.2766, 0.2946,  ..., 0.3606, 0.3279, 0.3601],
          [0.2994, 0.3053, 0.3253,  ..., 0.3675, 0.2979, 0.3054]]]],
       grad_fn=<SigmoidBackward0>)]