[tensor([[[[0.5005, 0.5346, 0.5400,  ..., 0.5812, 0.5992, 0.5730],
          [0.5931, 0.6157, 0.5258,  ..., 0.4680, 0.4324, 0.4135],
          [0.6310, 0.6680, 0.4312,  ..., 0.4375, 0.3587, 0.4931],
          ...,
          [0.8638, 0.7848, 0.5185,  ..., 0.6091, 0.5261, 0.6291],
          [0.7676, 0.8111, 0.5453,  ..., 0.6099, 0.5395, 0.5650],
          [0.6351, 0.6985, 0.4898,  ..., 0.6099, 0.5231, 0.6437]]]],
       grad_fn=<SigmoidBackward0>), tensor([[[[0.5877, 0.6269, 0.5881,  ..., 0.4949, 0.4926, 0.2755],
          [0.5929, 0.4824, 0.4305,  ..., 0.3679, 0.3126, 0.1579],
          [0.6489, 0.4359, 0.5224,  ..., 0.3562, 0.3607, 0.2341],
          ...,
          [0.8070, 0.4554, 0.4970,  ..., 0.4371, 0.4650, 0.4119],
          [0.7919, 0.5539, 0.5753,  ..., 0.4826, 0.5453, 0.4650],
          [0.7513, 0.4785, 0.5287,  ..., 0.5230, 0.5391, 0.4219]]]],
       grad_fn=<SigmoidBackward0>), tensor([[[[0.2850, 0.2082, 0.3127,  ..., 0.3924, 0.4483, 0.4713],
          [0.3116, 0.3809, 0.3395,  ..., 0.4514, 0.4262, 0.3701],
          [0.2969, 0.4624, 0.4406,  ..., 0.4239, 0.4522, 0.4444],
          ...,
          [0.4314, 0.5704, 0.4596,  ..., 0.3342, 0.3372, 0.4558],
          [0.4858, 0.4657, 0.4370,  ..., 0.3097, 0.3430, 0.4194],
          [0.5456, 0.5206, 0.4295,  ..., 0.4359, 0.4161, 0.5621]]]],
       grad_fn=<SigmoidBackward0>), tensor([[[[0.3722, 0.3737, 0.3909,  ..., 0.3996, 0.4009, 0.4116],
          [0.3433, 0.3451, 0.3884,  ..., 0.3743, 0.3905, 0.4257],
          [0.3182, 0.3385, 0.3724,  ..., 0.3970, 0.4080, 0.4037],
          ...,
          [0.2952, 0.3787, 0.4928,  ..., 0.4225, 0.4454, 0.4803],
          [0.3544, 0.4042, 0.4984,  ..., 0.4168, 0.4488, 0.4643],
          [0.4020, 0.4322, 0.5352,  ..., 0.4758, 0.4827, 0.4830]]]],
       grad_fn=<SigmoidBackward0>)]