[tensor([[[[0.4745, 0.6290, 0.5924,  ..., 0.5464, 0.5686, 0.5679],
          [0.6574, 0.4735, 0.3979,  ..., 0.4433, 0.3887, 0.3785],
          [0.6639, 0.5250, 0.4603,  ..., 0.4178, 0.3509, 0.4727],
          ...,
          [0.9113, 0.8274, 0.5417,  ..., 0.4581, 0.4332, 0.4771],
          [0.8153, 0.8491, 0.6065,  ..., 0.4485, 0.4940, 0.4452],
          [0.6332, 0.7668, 0.5404,  ..., 0.4745, 0.4286, 0.4148]]]],
       grad_fn=<SigmoidBackward0>), tensor([[[[0.6565, 0.5816, 0.5363,  ..., 0.5338, 0.4975, 0.2978],
          [0.6174, 0.4973, 0.4463,  ..., 0.3741, 0.2780, 0.1715],
          [0.5438, 0.5716, 0.5047,  ..., 0.3813, 0.3589, 0.2890],
          ...,
          [0.7549, 0.3897, 0.4439,  ..., 0.3577, 0.4138, 0.3633],
          [0.7325, 0.4675, 0.5295,  ..., 0.4361, 0.4646, 0.4743],
          [0.6708, 0.3742, 0.4160,  ..., 0.3860, 0.4681, 0.3644]]]],
       grad_fn=<SigmoidBackward0>), tensor([[[[0.2900, 0.3140, 0.3113,  ..., 0.3423, 0.4143, 0.3582],
          [0.3781, 0.3389, 0.3407,  ..., 0.4133, 0.3455, 0.2471],
          [0.4618, 0.3274, 0.3434,  ..., 0.3683, 0.3862, 0.4060],
          ...,
          [0.4800, 0.5240, 0.5100,  ..., 0.3539, 0.3803, 0.1876],
          [0.4915, 0.6331, 0.5159,  ..., 0.3252, 0.2761, 0.1862],
          [0.5283, 0.5594, 0.3940,  ..., 0.4059, 0.4141, 0.2313]]]],
       grad_fn=<SigmoidBackward0>), tensor([[[[0.3972, 0.3890, 0.4085,  ..., 0.4163, 0.4125, 0.4193],
          [0.3772, 0.3498, 0.3593,  ..., 0.3868, 0.4197, 0.4501],
          [0.3838, 0.3654, 0.3832,  ..., 0.3997, 0.4306, 0.4216],
          ...,
          [0.2500, 0.3136, 0.4342,  ..., 0.4464, 0.4245, 0.4347],
          [0.3234, 0.3749, 0.4634,  ..., 0.4280, 0.4011, 0.4242],
          [0.4067, 0.4134, 0.5061,  ..., 0.4371, 0.4333, 0.4534]]]],
       grad_fn=<SigmoidBackward0>)]