[tensor([[[[0.4944, 0.5198, 0.5092,  ..., 0.4957, 0.5011, 0.5099],
          [0.4957, 0.5298, 0.4920,  ..., 0.4780, 0.4914, 0.4856],
          [0.5179, 0.5292, 0.4655,  ..., 0.4570, 0.4624, 0.4560],
          ...,
          [0.4149, 0.4263, 0.4410,  ..., 0.4843, 0.4458, 0.4529],
          [0.6501, 0.6043, 0.5025,  ..., 0.5295, 0.5735, 0.5276],
          [0.6951, 0.6149, 0.3892,  ..., 0.4915, 0.5492, 0.4942]]]],
       grad_fn=<SigmoidBackward0>), tensor([[[[0.4255, 0.3860, 0.3632,  ..., 0.3593, 0.3769, 0.4142],
          [0.4220, 0.3779, 0.3574,  ..., 0.3572, 0.3779, 0.4082],
          [0.4144, 0.3700, 0.3489,  ..., 0.3533, 0.3666, 0.4028],
          ...,
          [0.4368, 0.4405, 0.3749,  ..., 0.3983, 0.3938, 0.4003],
          [0.3517, 0.3837, 0.3704,  ..., 0.3873, 0.3406, 0.1936],
          [0.3147, 0.3173, 0.2609,  ..., 0.3282, 0.2737, 0.1225]]]],
       grad_fn=<SigmoidBackward0>), tensor([[[[0.3351, 0.3475, 0.3419,  ..., 0.3361, 0.3356, 0.3280],
          [0.3115, 0.3365, 0.3423,  ..., 0.3327, 0.3520, 0.3514],
          [0.3034, 0.3173, 0.3195,  ..., 0.3180, 0.3391, 0.3721],
          ...,
          [0.3989, 0.4148, 0.3584,  ..., 0.3943, 0.3168, 0.3581],
          [0.2030, 0.3855, 0.4061,  ..., 0.5036, 0.3507, 0.3189],
          [0.2456, 0.2228, 0.2945,  ..., 0.3339, 0.2173, 0.2667]]]],
       grad_fn=<SigmoidBackward0>), tensor([[[[0.3712, 0.3473, 0.3398,  ..., 0.3092, 0.3110, 0.3212],
          [0.3404, 0.3263, 0.3308,  ..., 0.3139, 0.3177, 0.3329],
          [0.3219, 0.3162, 0.3308,  ..., 0.3187, 0.3194, 0.3407],
          ...,
          [0.2533, 0.2843, 0.3132,  ..., 0.3545, 0.3312, 0.3505],
          [0.2724, 0.2831, 0.3195,  ..., 0.3528, 0.3044, 0.3547],
          [0.2648, 0.2875, 0.2992,  ..., 0.3458, 0.2729, 0.2811]]]],
       grad_fn=<SigmoidBackward0>)]