[tensor([[[[0.5414, 0.4459, 0.4083,  ..., 0.4675, 0.4241, 0.4328],
          [0.5321, 0.4834, 0.3858,  ..., 0.4648, 0.4231, 0.4369],
          [0.5497, 0.4736, 0.3949,  ..., 0.5187, 0.3933, 0.4484],
          ...,
          [0.5208, 0.5506, 0.5012,  ..., 0.5000, 0.4953, 0.4783],
          [0.5245, 0.5558, 0.5230,  ..., 0.5051, 0.5144, 0.5127],
          [0.5376, 0.5400, 0.5130,  ..., 0.4906, 0.5113, 0.5014]]]],
       grad_fn=<SigmoidBackward0>), tensor([[[[0.4981, 0.4485, 0.4122,  ..., 0.4502, 0.4317, 0.4422],
          [0.4830, 0.4802, 0.4389,  ..., 0.4226, 0.4685, 0.4336],
          [0.4528, 0.4814, 0.4313,  ..., 0.4210, 0.4008, 0.3875],
          ...,
          [0.4617, 0.4221, 0.3896,  ..., 0.3902, 0.3944, 0.4256],
          [0.4592, 0.4252, 0.4021,  ..., 0.4241, 0.4149, 0.4321],
          [0.4746, 0.4677, 0.4466,  ..., 0.4796, 0.4734, 0.4707]]]],
       grad_fn=<SigmoidBackward0>), tensor([[[[0.3199, 0.4071, 0.3378,  ..., 0.4313, 0.3902, 0.3926],
          [0.3622, 0.4022, 0.3672,  ..., 0.3783, 0.3779, 0.4271],
          [0.3649, 0.3451, 0.3191,  ..., 0.3854, 0.4423, 0.5406],
          ...,
          [0.3257, 0.3405, 0.3538,  ..., 0.3575, 0.3612, 0.3824],
          [0.3170, 0.3377, 0.3432,  ..., 0.3644, 0.3728, 0.3969],
          [0.3075, 0.3209, 0.3182,  ..., 0.3558, 0.3641, 0.3889]]]],
       grad_fn=<SigmoidBackward0>), tensor([[[[0.3070, 0.3000, 0.3091,  ..., 0.3515, 0.3545, 0.3575],
          [0.3203, 0.3109, 0.3168,  ..., 0.3345, 0.3515, 0.3534],
          [0.3184, 0.3088, 0.3320,  ..., 0.3536, 0.3413, 0.3615],
          ...,
          [0.3914, 0.3905, 0.4209,  ..., 0.4162, 0.4092, 0.4202],
          [0.3944, 0.3951, 0.4203,  ..., 0.4290, 0.4238, 0.4456],
          [0.4176, 0.4251, 0.4383,  ..., 0.4584, 0.4613, 0.4866]]]],
       grad_fn=<SigmoidBackward0>)]