[tensor([[[[0.5667, 0.5373, 0.4867,  ..., 0.4945, 0.5035, 0.5172],
          [0.5245, 0.5673, 0.4841,  ..., 0.5145, 0.5202, 0.5250],
          [0.5296, 0.5033, 0.4634,  ..., 0.5128, 0.5102, 0.5116],
          ...,
          [0.5369, 0.4980, 0.4736,  ..., 0.4879, 0.4980, 0.5130],
          [0.5544, 0.5088, 0.4868,  ..., 0.4764, 0.4837, 0.4965],
          [0.5823, 0.5365, 0.4907,  ..., 0.4823, 0.4813, 0.4964]]]],
       grad_fn=<SigmoidBackward0>), tensor([[[[0.5398, 0.4837, 0.4983,  ..., 0.3853, 0.3920, 0.4116],
          [0.5607, 0.4851, 0.4732,  ..., 0.3908, 0.3994, 0.4054],
          [0.5525, 0.4612, 0.4184,  ..., 0.3953, 0.4008, 0.4132],
          ...,
          [0.5827, 0.4815, 0.4804,  ..., 0.3973, 0.4042, 0.4116],
          [0.5013, 0.4603, 0.4421,  ..., 0.4109, 0.4148, 0.4304],
          [0.4744, 0.4503, 0.4513,  ..., 0.4477, 0.4573, 0.4707]]]],
       grad_fn=<SigmoidBackward0>), tensor([[[[0.3623, 0.3374, 0.4363,  ..., 0.3308, 0.3317, 0.3169],
          [0.4139, 0.3522, 0.4361,  ..., 0.3210, 0.3259, 0.3156],
          [0.4580, 0.4011, 0.4678,  ..., 0.3373, 0.3366, 0.3291],
          ...,
          [0.4235, 0.3768, 0.4180,  ..., 0.3319, 0.3392, 0.3284],
          [0.4765, 0.4917, 0.5158,  ..., 0.3434, 0.3456, 0.3291],
          [0.4208, 0.4260, 0.4103,  ..., 0.3401, 0.3369, 0.3266]]]],
       grad_fn=<SigmoidBackward0>), tensor([[[[0.4471, 0.4215, 0.4423,  ..., 0.3464, 0.3660, 0.3798],
          [0.4393, 0.4311, 0.4351,  ..., 0.3184, 0.3414, 0.3633],
          [0.4329, 0.4398, 0.4333,  ..., 0.3319, 0.3581, 0.3710],
          ...,
          [0.4142, 0.4100, 0.4214,  ..., 0.3501, 0.3706, 0.3753],
          [0.4146, 0.4168, 0.4252,  ..., 0.3646, 0.3783, 0.3826],
          [0.4319, 0.4334, 0.4419,  ..., 0.3845, 0.3924, 0.3964]]]],
       grad_fn=<SigmoidBackward0>)]