[tensor([[[[0.3470, 0.5106, 0.5194,  ..., 0.5139, 0.6039, 0.7384],
          [0.4165, 0.4394, 0.4070,  ..., 0.5433, 0.5814, 0.6178],
          [0.4280, 0.5231, 0.4342,  ..., 0.4451, 0.4830, 0.4428],
          ...,
          [0.5821, 0.5329, 0.4809,  ..., 0.4470, 0.5227, 0.4169],
          [0.5815, 0.5203, 0.5011,  ..., 0.5098, 0.5073, 0.4581],
          [0.5770, 0.5675, 0.5658,  ..., 0.5518, 0.4678, 0.4339]]]],
       grad_fn=<SigmoidBackward0>), tensor([[[[0.4877, 0.5383, 0.5021,  ..., 0.3073, 0.5385, 0.3595],
          [0.4565, 0.4842, 0.4227,  ..., 0.2840, 0.2703, 0.2387],
          [0.3958, 0.4452, 0.4620,  ..., 0.3499, 0.3951, 0.3289],
          ...,
          [0.4995, 0.5242, 0.4269,  ..., 0.2754, 0.3778, 0.4404],
          [0.5331, 0.5554, 0.4392,  ..., 0.3373, 0.4492, 0.4628],
          [0.5719, 0.5830, 0.4963,  ..., 0.3530, 0.4908, 0.4715]]]],
       grad_fn=<SigmoidBackward0>), tensor([[[[0.3529, 0.2732, 0.3070,  ..., 0.2962, 0.3412, 0.2298],
          [0.3750, 0.4285, 0.4036,  ..., 0.3900, 0.3769, 0.2555],
          [0.3489, 0.3477, 0.3662,  ..., 0.3840, 0.4751, 0.3009],
          ...,
          [0.3666, 0.2841, 0.2920,  ..., 0.3745, 0.3610, 0.2375],
          [0.3596, 0.2727, 0.2726,  ..., 0.3603, 0.2640, 0.2347],
          [0.4181, 0.3600, 0.3616,  ..., 0.3251, 0.3047, 0.2817]]]],
       grad_fn=<SigmoidBackward0>), tensor([[[[0.4237, 0.3919, 0.3885,  ..., 0.4064, 0.4006, 0.3850],
          [0.3604, 0.3509, 0.3734,  ..., 0.3811, 0.3684, 0.3747],
          [0.3482, 0.3572, 0.3532,  ..., 0.4069, 0.3806, 0.3943],
          ...,
          [0.3669, 0.3607, 0.3731,  ..., 0.3132, 0.3225, 0.3380],
          [0.3794, 0.3759, 0.3727,  ..., 0.3806, 0.3527, 0.3621],
          [0.4165, 0.4072, 0.4133,  ..., 0.3930, 0.3738, 0.3505]]]],
       grad_fn=<SigmoidBackward0>)]