[tensor([[[[0.4404, 0.4500, 0.4201,  ..., 0.4297, 0.4044, 0.4057],
          [0.4794, 0.4913, 0.4449,  ..., 0.4563, 0.4196, 0.4025],
          [0.5101, 0.4716, 0.4378,  ..., 0.4679, 0.3993, 0.3942],
          ...,
          [0.4793, 0.4638, 0.4644,  ..., 0.4603, 0.4589, 0.4741],
          [0.4902, 0.4792, 0.4775,  ..., 0.4694, 0.4736, 0.4831],
          [0.5134, 0.5136, 0.5088,  ..., 0.4985, 0.5032, 0.5043]]]],
       grad_fn=<SigmoidBackward0>), tensor([[[[0.4800, 0.4391, 0.4205,  ..., 0.4497, 0.4440, 0.4622],
          [0.4705, 0.4497, 0.4152,  ..., 0.4179, 0.4204, 0.4298],
          [0.4605, 0.4405, 0.4097,  ..., 0.4013, 0.3878, 0.3974],
          ...,
          [0.4070, 0.3624, 0.3192,  ..., 0.3286, 0.3372, 0.3532],
          [0.4065, 0.3728, 0.3343,  ..., 0.3363, 0.3475, 0.3639],
          [0.4089, 0.3922, 0.3701,  ..., 0.3698, 0.3759, 0.3841]]]],
       grad_fn=<SigmoidBackward0>), tensor([[[[0.3572, 0.3436, 0.4121,  ..., 0.3432, 0.3380, 0.3275],
          [0.3874, 0.3260, 0.4049,  ..., 0.3308, 0.3417, 0.3618],
          [0.3690, 0.3141, 0.3997,  ..., 0.3472, 0.3656, 0.3894],
          ...,
          [0.2870, 0.2931, 0.2997,  ..., 0.2668, 0.2591, 0.2743],
          [0.2934, 0.2973, 0.3016,  ..., 0.2783, 0.2769, 0.2922],
          [0.3095, 0.3199, 0.3315,  ..., 0.3233, 0.3139, 0.3328]]]],
       grad_fn=<SigmoidBackward0>), tensor([[[[0.3439, 0.3299, 0.3433,  ..., 0.3429, 0.3512, 0.3645],
          [0.3520, 0.3378, 0.3347,  ..., 0.3443, 0.3505, 0.3576],
          [0.3539, 0.3427, 0.3453,  ..., 0.3528, 0.3620, 0.3553],
          ...,
          [0.3290, 0.3075, 0.3222,  ..., 0.3295, 0.3345, 0.3577],
          [0.3381, 0.3233, 0.3340,  ..., 0.3372, 0.3404, 0.3630],
          [0.3555, 0.3534, 0.3634,  ..., 0.3604, 0.3632, 0.3831]]]],
       grad_fn=<SigmoidBackward0>)]