[tensor([[[[0.4896, 0.4922, 0.5115,  ..., 0.5353, 0.5344, 0.5352],
          [0.5285, 0.5281, 0.5473,  ..., 0.5642, 0.5590, 0.5552],
          [0.5371, 0.5414, 0.5568,  ..., 0.5636, 0.5479, 0.5429],
          ...,
          [0.5517, 0.5763, 0.5139,  ..., 0.5706, 0.5272, 0.5178],
          [0.6268, 0.5629, 0.5125,  ..., 0.5459, 0.5684, 0.6009],
          [0.7046, 0.6728, 0.5485,  ..., 0.6076, 0.6525, 0.6654]]]],
       grad_fn=<SigmoidBackward0>), tensor([[[[0.5295, 0.4519, 0.4330,  ..., 0.4329, 0.4338, 0.4483],
          [0.5234, 0.4462, 0.4497,  ..., 0.4573, 0.4548, 0.4429],
          [0.5121, 0.4396, 0.4562,  ..., 0.4695, 0.4639, 0.4573],
          ...,
          [0.6993, 0.5735, 0.5236,  ..., 0.5372, 0.4897, 0.3905],
          [0.6904, 0.5882, 0.5049,  ..., 0.4967, 0.5105, 0.5397],
          [0.7085, 0.5317, 0.5220,  ..., 0.4738, 0.4769, 0.5387]]]],
       grad_fn=<SigmoidBackward0>), tensor([[[[0.3892, 0.3563, 0.3635,  ..., 0.3591, 0.3600, 0.3439],
          [0.3692, 0.3214, 0.3341,  ..., 0.3360, 0.3325, 0.3236],
          [0.3667, 0.3261, 0.3453,  ..., 0.3597, 0.3437, 0.3347],
          ...,
          [0.4025, 0.3151, 0.4529,  ..., 0.4003, 0.4222, 0.4669],
          [0.5427, 0.4952, 0.5467,  ..., 0.5650, 0.5742, 0.4733],
          [0.5870, 0.5284, 0.4953,  ..., 0.4456, 0.5091, 0.5393]]]],
       grad_fn=<SigmoidBackward0>), tensor([[[[0.4035, 0.3943, 0.3949,  ..., 0.4003, 0.4293, 0.4403],
          [0.3714, 0.3401, 0.3540,  ..., 0.3709, 0.4042, 0.4256],
          [0.3726, 0.3462, 0.3641,  ..., 0.3903, 0.4228, 0.4351],
          ...,
          [0.4208, 0.4332, 0.4763,  ..., 0.4508, 0.4678, 0.4921],
          [0.4302, 0.4416, 0.4745,  ..., 0.4557, 0.4689, 0.5049],
          [0.4500, 0.4409, 0.4662,  ..., 0.5122, 0.5094, 0.4965]]]],
       grad_fn=<SigmoidBackward0>)]