[tensor([[[[0.4411, 0.4744, 0.4692,  ..., 0.4715, 0.4667, 0.4771],
          [0.4412, 0.4795, 0.4840,  ..., 0.4427, 0.4549, 0.4537],
          [0.4396, 0.4646, 0.4745,  ..., 0.4023, 0.4153, 0.4293],
          ...,
          [0.4568, 0.4889, 0.4921,  ..., 0.4143, 0.4119, 0.4477],
          [0.5819, 0.5936, 0.5167,  ..., 0.4338, 0.4418, 0.4637],
          [0.4221, 0.4508, 0.3987,  ..., 0.4854, 0.4848, 0.4797]]]],
       grad_fn=<SigmoidBackward0>), tensor([[[[0.4488, 0.4107, 0.4149,  ..., 0.4047, 0.4195, 0.4451],
          [0.4487, 0.4154, 0.4139,  ..., 0.3700, 0.3876, 0.4173],
          [0.4361, 0.4135, 0.4185,  ..., 0.3428, 0.3606, 0.3987],
          ...,
          [0.4511, 0.4364, 0.3438,  ..., 0.3164, 0.3535, 0.4049],
          [0.3948, 0.3849, 0.3648,  ..., 0.3353, 0.3600, 0.3950],
          [0.3108, 0.3517, 0.3583,  ..., 0.3976, 0.4115, 0.4230]]]],
       grad_fn=<SigmoidBackward0>), tensor([[[[0.3810, 0.4156, 0.3586,  ..., 0.3075, 0.3239, 0.3610],
          [0.4068, 0.4345, 0.3274,  ..., 0.2835, 0.3120, 0.3655],
          [0.4004, 0.4101, 0.3289,  ..., 0.2594, 0.2952, 0.3582],
          ...,
          [0.3715, 0.3880, 0.3266,  ..., 0.2605, 0.2833, 0.3305],
          [0.2500, 0.4587, 0.4134,  ..., 0.2842, 0.3002, 0.3332],
          [0.3147, 0.2675, 0.3704,  ..., 0.2792, 0.2951, 0.3285]]]],
       grad_fn=<SigmoidBackward0>), tensor([[[[0.4151, 0.3773, 0.3713,  ..., 0.4041, 0.4100, 0.4110],
          [0.3969, 0.3690, 0.3713,  ..., 0.3920, 0.4006, 0.4125],
          [0.3932, 0.3645, 0.3631,  ..., 0.3949, 0.3985, 0.4096],
          ...,
          [0.4056, 0.3988, 0.3906,  ..., 0.3817, 0.3902, 0.4102],
          [0.4087, 0.3877, 0.3966,  ..., 0.3889, 0.3965, 0.4156],
          [0.4069, 0.3880, 0.4059,  ..., 0.4167, 0.4207, 0.4316]]]],
       grad_fn=<SigmoidBackward0>)]