[tensor([[[[0.6179, 0.6476, 0.6519,  ..., 0.4799, 0.4836, 0.4665],
          [0.5985, 0.6592, 0.6178,  ..., 0.5643, 0.5444, 0.4410],
          [0.5907, 0.6351, 0.6188,  ..., 0.5196, 0.4415, 0.3595],
          ...,
          [0.5595, 0.6210, 0.6043,  ..., 0.5059, 0.5002, 0.3652],
          [0.5676, 0.6427, 0.6222,  ..., 0.5239, 0.5000, 0.3840],
          [0.5621, 0.6347, 0.6112,  ..., 0.4923, 0.6192, 0.4386]]]],
       grad_fn=<SigmoidBackward0>), tensor([[[[0.6620, 0.6505, 0.6211,  ..., 0.4247, 0.4170, 0.3886],
          [0.6589, 0.6069, 0.5843,  ..., 0.4171, 0.4184, 0.4155],
          [0.6452, 0.5464, 0.5077,  ..., 0.3898, 0.4415, 0.4612],
          ...,
          [0.5947, 0.5151, 0.4867,  ..., 0.4334, 0.4741, 0.4668],
          [0.6019, 0.5480, 0.5344,  ..., 0.4564, 0.4246, 0.3967],
          [0.5421, 0.4927, 0.5029,  ..., 0.4289, 0.3686, 0.2473]]]],
       grad_fn=<SigmoidBackward0>), tensor([[[[0.3352, 0.3835, 0.3937,  ..., 0.3953, 0.3981, 0.3980],
          [0.3463, 0.3946, 0.3850,  ..., 0.3842, 0.4219, 0.3905],
          [0.3611, 0.3409, 0.3275,  ..., 0.3784, 0.4799, 0.4056],
          ...,
          [0.3790, 0.4060, 0.4387,  ..., 0.4728, 0.4811, 0.3390],
          [0.3591, 0.3784, 0.3983,  ..., 0.4806, 0.3775, 0.3258],
          [0.3114, 0.3404, 0.3280,  ..., 0.3441, 0.2409, 0.3914]]]],
       grad_fn=<SigmoidBackward0>), tensor([[[[0.5977, 0.5841, 0.6632,  ..., 0.4830, 0.4491, 0.4481],
          [0.5888, 0.5410, 0.6373,  ..., 0.6029, 0.5736, 0.4558],
          [0.5933, 0.5377, 0.6156,  ..., 0.5595, 0.5573, 0.4586],
          ...,
          [0.5733, 0.5052, 0.5580,  ..., 0.5005, 0.4955, 0.4299],
          [0.5877, 0.5493, 0.6166,  ..., 0.4618, 0.4477, 0.4576],
          [0.6094, 0.5961, 0.6290,  ..., 0.4836, 0.4718, 0.5154]]]],
       grad_fn=<SigmoidBackward0>)]