[tensor([[[[0.7340, 0.7025, 0.6143,  ..., 0.6070, 0.6302, 0.8451],
          [0.7633, 0.7456, 0.5594,  ..., 0.5812, 0.6243, 0.7228],
          [0.7937, 0.7593, 0.4331,  ..., 0.4960, 0.4249, 0.4436],
          ...,
          [0.9042, 0.7784, 0.7222,  ..., 0.4005, 0.2848, 0.4473],
          [0.8866, 0.7914, 0.7033,  ..., 0.5168, 0.4698, 0.4005],
          [0.8778, 0.8540, 0.7083,  ..., 0.4568, 0.3803, 0.6178]]]],
       grad_fn=<SigmoidBackward0>), tensor([[[[0.8699, 0.8592, 0.8624,  ..., 0.4112, 0.5080, 0.1532],
          [0.8443, 0.7368, 0.5436,  ..., 0.2263, 0.3098, 0.1988],
          [0.8826, 0.6773, 0.6770,  ..., 0.3141, 0.4498, 0.2707],
          ...,
          [0.5102, 0.7219, 0.5153,  ..., 0.4150, 0.4247, 0.2849],
          [0.6448, 0.7731, 0.5404,  ..., 0.5079, 0.7003, 0.6236],
          [0.7374, 0.7410, 0.5662,  ..., 0.5260, 0.5377, 0.5383]]]],
       grad_fn=<SigmoidBackward0>), tensor([[[[0.3559, 0.1813, 0.3694,  ..., 0.4022, 0.3372, 0.2336],
          [0.2767, 0.3448, 0.4509,  ..., 0.5181, 0.4007, 0.1735],
          [0.2850, 0.2755, 0.4493,  ..., 0.4022, 0.4534, 0.1768],
          ...,
          [0.6473, 0.3782, 0.5174,  ..., 0.3827, 0.4112, 0.1785],
          [0.5929, 0.3961, 0.5194,  ..., 0.5311, 0.5189, 0.2557],
          [0.6789, 0.4636, 0.5374,  ..., 0.4562, 0.5164, 0.2160]]]],
       grad_fn=<SigmoidBackward0>), tensor([[[[0.3539, 0.3922, 0.4620,  ..., 0.4948, 0.4158, 0.3627],
          [0.2996, 0.2975, 0.4626,  ..., 0.4490, 0.4160, 0.3930],
          [0.2039, 0.3179, 0.4770,  ..., 0.5025, 0.4786, 0.4231],
          ...,
          [0.3841, 0.3524, 0.4507,  ..., 0.5241, 0.5899, 0.4647],
          [0.4068, 0.3749, 0.4218,  ..., 0.5061, 0.5983, 0.5625],
          [0.4665, 0.4455, 0.5331,  ..., 0.5601, 0.5635, 0.5182]]]],
       grad_fn=<SigmoidBackward0>)]