[tensor([[[[0.7299, 0.7028, 0.6120,  ..., 0.6072, 0.6286, 0.8447],
          [0.7602, 0.7435, 0.5588,  ..., 0.5806, 0.6241, 0.7224],
          [0.7921, 0.7600, 0.4325,  ..., 0.4972, 0.4224, 0.4413],
          ...,
          [0.9040, 0.7780, 0.7223,  ..., 0.3997, 0.2851, 0.4469],
          [0.8859, 0.7907, 0.7032,  ..., 0.5161, 0.4685, 0.3992],
          [0.8765, 0.8532, 0.7081,  ..., 0.4563, 0.3791, 0.6168]]]],
       grad_fn=<SigmoidBackward0>), tensor([[[[0.8720, 0.8615, 0.8669,  ..., 0.4184, 0.5134, 0.1532],
          [0.8459, 0.7379, 0.5500,  ..., 0.2291, 0.3109, 0.1988],
          [0.8835, 0.6774, 0.6790,  ..., 0.3145, 0.4504, 0.2700],
          ...,
          [0.5080, 0.7191, 0.5132,  ..., 0.4152, 0.4256, 0.2863],
          [0.6429, 0.7702, 0.5395,  ..., 0.5093, 0.6981, 0.6216],
          [0.7361, 0.7378, 0.5646,  ..., 0.5239, 0.5359, 0.5372]]]],
       grad_fn=<SigmoidBackward0>), tensor([[[[0.3504, 0.1802, 0.3713,  ..., 0.3992, 0.3354, 0.2331],
          [0.2754, 0.3476, 0.4488,  ..., 0.5184, 0.4023, 0.1749],
          [0.2855, 0.2792, 0.4491,  ..., 0.4018, 0.4543, 0.1774],
          ...,
          [0.6459, 0.3748, 0.5155,  ..., 0.3810, 0.4150, 0.1812],
          [0.5918, 0.3933, 0.5182,  ..., 0.5310, 0.5237, 0.2555],
          [0.6778, 0.4611, 0.5352,  ..., 0.4541, 0.5193, 0.2183]]]],
       grad_fn=<SigmoidBackward0>), tensor([[[[0.3515, 0.3827, 0.4510,  ..., 0.4952, 0.4188, 0.3602],
          [0.2878, 0.2809, 0.4445,  ..., 0.4496, 0.4148, 0.3919],
          [0.1960, 0.2957, 0.4658,  ..., 0.5043, 0.4785, 0.4217],
          ...,
          [0.3852, 0.3551, 0.4528,  ..., 0.5236, 0.5899, 0.4668],
          [0.4068, 0.3757, 0.4207,  ..., 0.5068, 0.5989, 0.5631],
          [0.4669, 0.4469, 0.5327,  ..., 0.5582, 0.5634, 0.5209]]]],
       grad_fn=<SigmoidBackward0>)]