[tensor([[[[0.6321, 0.6692, 0.6713,  ..., 0.6491, 0.6158, 0.5933],
          [0.5869, 0.6573, 0.6276,  ..., 0.6143, 0.6186, 0.5582],
          [0.5673, 0.6222, 0.5802,  ..., 0.5659, 0.5640, 0.5268],
          ...,
          [0.5451, 0.5459, 0.4965,  ..., 0.4845, 0.3992, 0.3426],
          [0.6639, 0.5771, 0.4812,  ..., 0.5490, 0.4586, 0.3746],
          [0.6006, 0.6397, 0.3690,  ..., 0.4972, 0.5875, 0.4298]]]],
       grad_fn=<SigmoidBackward0>), tensor([[[[0.5984, 0.5620, 0.5389,  ..., 0.5111, 0.5045, 0.4800],
          [0.6081, 0.5521, 0.5370,  ..., 0.5214, 0.5079, 0.4813],
          [0.6114, 0.5256, 0.4779,  ..., 0.5103, 0.4880, 0.4552],
          ...,
          [0.4943, 0.4651, 0.4596,  ..., 0.4190, 0.4339, 0.3450],
          [0.4663, 0.3792, 0.4595,  ..., 0.3669, 0.2768, 0.1826],
          [0.4805, 0.3847, 0.3832,  ..., 0.3210, 0.2093, 0.1108]]]],
       grad_fn=<SigmoidBackward0>), tensor([[[[0.4153, 0.4177, 0.4078,  ..., 0.4188, 0.4111, 0.3833],
          [0.4240, 0.4109, 0.3850,  ..., 0.3880, 0.3599, 0.3533],
          [0.4406, 0.3888, 0.3754,  ..., 0.3805, 0.3457, 0.3552],
          ...,
          [0.3594, 0.4471, 0.4218,  ..., 0.3998, 0.3699, 0.1628],
          [0.1663, 0.4055, 0.4458,  ..., 0.5016, 0.2868, 0.1278],
          [0.3567, 0.1530, 0.3199,  ..., 0.3453, 0.2914, 0.1890]]]],
       grad_fn=<SigmoidBackward0>), tensor([[[[0.4508, 0.4502, 0.4425,  ..., 0.4911, 0.4844, 0.5071],
          [0.4139, 0.4182, 0.4082,  ..., 0.4837, 0.4966, 0.5066],
          [0.4360, 0.4487, 0.4389,  ..., 0.5209, 0.4906, 0.4952],
          ...,
          [0.4016, 0.4130, 0.4764,  ..., 0.5026, 0.5079, 0.4927],
          [0.4772, 0.4071, 0.4455,  ..., 0.4950, 0.4689, 0.4688],
          [0.4843, 0.4410, 0.4665,  ..., 0.4857, 0.4378, 0.4839]]]],
       grad_fn=<SigmoidBackward0>)]