[tensor([[[[0.4122, 0.4287, 0.4518,  ..., 0.5308, 0.4856, 0.4779],
          [0.4861, 0.4939, 0.5173,  ..., 0.5764, 0.5727, 0.5356],
          [0.5134, 0.5215, 0.5418,  ..., 0.6231, 0.5540, 0.5171],
          ...,
          [0.4525, 0.4708, 0.4779,  ..., 0.7648, 0.6521, 0.6737],
          [0.4673, 0.4772, 0.4916,  ..., 0.6518, 0.7341, 0.7856],
          [0.4701, 0.5155, 0.5164,  ..., 0.7948, 0.8468, 0.8730]]]],
       grad_fn=<SigmoidBackward0>), tensor([[[[0.4952, 0.4464, 0.4419,  ..., 0.4955, 0.4883, 0.4686],
          [0.4925, 0.4690, 0.4730,  ..., 0.4593, 0.4706, 0.4952],
          [0.4872, 0.4585, 0.4672,  ..., 0.3463, 0.3667, 0.4210],
          ...,
          [0.4998, 0.4822, 0.4951,  ..., 0.4409, 0.3889, 0.3416],
          [0.5190, 0.4930, 0.5141,  ..., 0.3634, 0.4696, 0.7402],
          [0.5405, 0.5218, 0.5315,  ..., 0.4365, 0.4359, 0.6396]]]],
       grad_fn=<SigmoidBackward0>), tensor([[[[0.4391, 0.4023, 0.4043,  ..., 0.5277, 0.5689, 0.5689],
          [0.4390, 0.3970, 0.4116,  ..., 0.5551, 0.6039, 0.6663],
          [0.4348, 0.4082, 0.4213,  ..., 0.4922, 0.5677, 0.6544],
          ...,
          [0.4762, 0.3917, 0.3925,  ..., 0.3679, 0.3242, 0.3479],
          [0.4626, 0.3909, 0.4003,  ..., 0.5974, 0.6221, 0.5080],
          [0.4481, 0.3897, 0.3985,  ..., 0.3058, 0.5237, 0.5185]]]],
       grad_fn=<SigmoidBackward0>), tensor([[[[0.5909, 0.5402, 0.5342,  ..., 0.5819, 0.6161, 0.5942],
          [0.5236, 0.4586, 0.4850,  ..., 0.5825, 0.6147, 0.5766],
          [0.5206, 0.4506, 0.4885,  ..., 0.5578, 0.6253, 0.5636],
          ...,
          [0.5113, 0.4463, 0.5256,  ..., 0.4739, 0.5075, 0.4380],
          [0.5294, 0.4595, 0.5077,  ..., 0.4559, 0.4882, 0.4868],
          [0.5435, 0.4808, 0.5153,  ..., 0.5449, 0.5640, 0.4672]]]],
       grad_fn=<SigmoidBackward0>)]