[tensor([[[[0.4184, 0.4302, 0.4402,  ..., 0.4499, 0.4555, 0.4703],
          [0.4347, 0.4447, 0.4562,  ..., 0.4639, 0.4694, 0.4723],
          [0.4448, 0.4527, 0.4645,  ..., 0.4601, 0.4574, 0.4605],
          ...,
          [0.5145, 0.5072, 0.4711,  ..., 0.5490, 0.4996, 0.5049],
          [0.5788, 0.5307, 0.4880,  ..., 0.5381, 0.5519, 0.5788],
          [0.6145, 0.5529, 0.4746,  ..., 0.5283, 0.5450, 0.5375]]]],
       grad_fn=<SigmoidBackward0>), tensor([[[[0.4770, 0.4144, 0.3922,  ..., 0.3752, 0.3845, 0.4064],
          [0.4672, 0.4027, 0.3821,  ..., 0.3734, 0.3805, 0.3931],
          [0.4569, 0.3924, 0.3755,  ..., 0.3726, 0.3784, 0.3921],
          ...,
          [0.5583, 0.4563, 0.4425,  ..., 0.4548, 0.4491, 0.4440],
          [0.4856, 0.4544, 0.4234,  ..., 0.4484, 0.4878, 0.5479],
          [0.5276, 0.5033, 0.4818,  ..., 0.4699, 0.4956, 0.5012]]]],
       grad_fn=<SigmoidBackward0>), tensor([[[[0.3178, 0.3103, 0.3086,  ..., 0.3028, 0.3014, 0.2991],
          [0.3089, 0.2988, 0.3000,  ..., 0.2901, 0.2957, 0.2941],
          [0.3113, 0.3093, 0.3117,  ..., 0.3041, 0.3046, 0.3030],
          ...,
          [0.3848, 0.3047, 0.3673,  ..., 0.3745, 0.3669, 0.4077],
          [0.4698, 0.4316, 0.4484,  ..., 0.4503, 0.4490, 0.4044],
          [0.4625, 0.4096, 0.3633,  ..., 0.3818, 0.4468, 0.4373]]]],
       grad_fn=<SigmoidBackward0>), tensor([[[[0.3287, 0.3181, 0.3213,  ..., 0.3280, 0.3471, 0.3714],
          [0.3143, 0.2841, 0.2968,  ..., 0.3149, 0.3316, 0.3570],
          [0.3165, 0.2896, 0.3081,  ..., 0.3313, 0.3516, 0.3659],
          ...,
          [0.3812, 0.4039, 0.3969,  ..., 0.4330, 0.4340, 0.4421],
          [0.3935, 0.4075, 0.4122,  ..., 0.4462, 0.4487, 0.4786],
          [0.4191, 0.4263, 0.4212,  ..., 0.4732, 0.4731, 0.4556]]]],
       grad_fn=<SigmoidBackward0>)]