[tensor([[[[0.4137, 0.4025, 0.4080,  ..., 0.4594, 0.4755, 0.4977],
          [0.4268, 0.4449, 0.4261,  ..., 0.4405, 0.4620, 0.4913],
          [0.4544, 0.4350, 0.4148,  ..., 0.4245, 0.4424, 0.4762],
          ...,
          [0.4819, 0.4389, 0.4314,  ..., 0.4418, 0.4490, 0.4819],
          [0.4444, 0.5060, 0.4389,  ..., 0.4582, 0.4700, 0.4957],
          [0.3714, 0.3430, 0.3535,  ..., 0.4954, 0.5052, 0.5155]]]],
       grad_fn=<SigmoidBackward0>), tensor([[[[0.4670, 0.4199, 0.4151,  ..., 0.3323, 0.3341, 0.3429],
          [0.4411, 0.4078, 0.3964,  ..., 0.3317, 0.3323, 0.3317],
          [0.4315, 0.3999, 0.3866,  ..., 0.3196, 0.3198, 0.3199],
          ...,
          [0.4603, 0.4154, 0.3977,  ..., 0.2896, 0.3024, 0.3154],
          [0.4554, 0.4533, 0.4412,  ..., 0.2977, 0.3061, 0.3218],
          [0.3182, 0.3392, 0.3710,  ..., 0.3248, 0.3349, 0.3449]]]],
       grad_fn=<SigmoidBackward0>), tensor([[[[0.3503, 0.3493, 0.3335,  ..., 0.2468, 0.2510, 0.2614],
          [0.3677, 0.3306, 0.3220,  ..., 0.2419, 0.2382, 0.2532],
          [0.3734, 0.3213, 0.3355,  ..., 0.2466, 0.2324, 0.2459],
          ...,
          [0.3719, 0.2927, 0.3603,  ..., 0.2284, 0.2204, 0.2332],
          [0.3189, 0.3911, 0.4133,  ..., 0.2428, 0.2377, 0.2522],
          [0.4115, 0.2349, 0.2562,  ..., 0.2886, 0.2814, 0.3027]]]],
       grad_fn=<SigmoidBackward0>), tensor([[[[0.3231, 0.3018, 0.3096,  ..., 0.2971, 0.3013, 0.3094],
          [0.3214, 0.3016, 0.3099,  ..., 0.2990, 0.3046, 0.3238],
          [0.3153, 0.3019, 0.3085,  ..., 0.2960, 0.3043, 0.3305],
          ...,
          [0.3339, 0.3266, 0.3335,  ..., 0.2980, 0.3026, 0.3269],
          [0.3605, 0.3530, 0.3466,  ..., 0.3053, 0.3081, 0.3335],
          [0.3729, 0.3564, 0.3593,  ..., 0.3302, 0.3333, 0.3558]]]],
       grad_fn=<SigmoidBackward0>)]