[tensor([[[[0.4600, 0.6145, 0.5712,  ..., 0.5525, 0.6770, 0.8625],
          [0.6302, 0.5252, 0.3941,  ..., 0.5556, 0.6178, 0.6514],
          [0.8097, 0.7359, 0.4530,  ..., 0.4872, 0.4429, 0.4307],
          ...,
          [0.8423, 0.7003, 0.6279,  ..., 0.5110, 0.5465, 0.4330],
          [0.8238, 0.7254, 0.6232,  ..., 0.5674, 0.5613, 0.5091],
          [0.8164, 0.8095, 0.6532,  ..., 0.6073, 0.5727, 0.5175]]]],
       grad_fn=<SigmoidBackward0>), tensor([[[[0.7350, 0.6985, 0.6784,  ..., 0.6412, 0.8263, 0.5307],
          [0.6406, 0.5936, 0.4649,  ..., 0.3822, 0.4444, 0.3693],
          [0.5825, 0.5917, 0.4717,  ..., 0.4574, 0.5718, 0.4337],
          ...,
          [0.6355, 0.7401, 0.6745,  ..., 0.4111, 0.5416, 0.3339],
          [0.6973, 0.7906, 0.6585,  ..., 0.5937, 0.6963, 0.3399],
          [0.7398, 0.7646, 0.6956,  ..., 0.5650, 0.6288, 0.3858]]]],
       grad_fn=<SigmoidBackward0>), tensor([[[[0.3202, 0.2229, 0.3183,  ..., 0.3165, 0.3794, 0.1662],
          [0.4317, 0.3522, 0.3747,  ..., 0.4150, 0.3270, 0.1716],
          [0.4067, 0.3572, 0.4236,  ..., 0.4674, 0.4862, 0.2515],
          ...,
          [0.5606, 0.4222, 0.4078,  ..., 0.6892, 0.5985, 0.3312],
          [0.5612, 0.4606, 0.4923,  ..., 0.7341, 0.5533, 0.3715],
          [0.6939, 0.5772, 0.5939,  ..., 0.6485, 0.6341, 0.3906]]]],
       grad_fn=<SigmoidBackward0>), tensor([[[[0.4621, 0.4353, 0.4421,  ..., 0.6222, 0.5343, 0.4530],
          [0.4189, 0.4066, 0.4094,  ..., 0.5801, 0.5462, 0.4244],
          [0.3727, 0.3698, 0.3960,  ..., 0.5609, 0.5469, 0.4488],
          ...,
          [0.3497, 0.3591, 0.4409,  ..., 0.5916, 0.5218, 0.4505],
          [0.3853, 0.3752, 0.4341,  ..., 0.6311, 0.5230, 0.4103],
          [0.4773, 0.4709, 0.5669,  ..., 0.7267, 0.6344, 0.5346]]]],
       grad_fn=<SigmoidBackward0>)]