[tensor([[[[0.6684, 0.5549, 0.4690,  ..., 0.4668, 0.4758, 0.4866],
          [0.5987, 0.6330, 0.5312,  ..., 0.5262, 0.5233, 0.4974],
          [0.6009, 0.6397, 0.5207,  ..., 0.5454, 0.5213, 0.4859],
          ...,
          [0.7357, 0.7897, 0.6200,  ..., 0.5060, 0.4977, 0.4750],
          [0.8098, 0.6667, 0.6032,  ..., 0.5168, 0.5112, 0.4827],
          [0.8626, 0.8962, 0.8337,  ..., 0.5446, 0.5214, 0.4950]]]],
       grad_fn=<SigmoidBackward0>), tensor([[[[0.5619, 0.4553, 0.4336,  ..., 0.3872, 0.4182, 0.4520],
          [0.5685, 0.5743, 0.5105,  ..., 0.4682, 0.4869, 0.4669],
          [0.5190, 0.4931, 0.4594,  ..., 0.5282, 0.5291, 0.5097],
          ...,
          [0.6123, 0.6020, 0.4179,  ..., 0.4552, 0.4476, 0.4545],
          [0.6178, 0.4038, 0.3200,  ..., 0.4381, 0.4318, 0.4435],
          [0.5039, 0.3045, 0.3408,  ..., 0.4546, 0.4483, 0.4532]]]],
       grad_fn=<SigmoidBackward0>), tensor([[[[0.4943, 0.4240, 0.4616,  ..., 0.3478, 0.3186, 0.3436],
          [0.5130, 0.4144, 0.4875,  ..., 0.3745, 0.3308, 0.3378],
          [0.5160, 0.4240, 0.5198,  ..., 0.4170, 0.3599, 0.3541],
          ...,
          [0.3706, 0.3714, 0.5640,  ..., 0.4060, 0.3661, 0.3497],
          [0.2409, 0.3724, 0.5544,  ..., 0.3822, 0.3492, 0.3322],
          [0.1612, 0.0935, 0.1296,  ..., 0.3622, 0.3434, 0.3484]]]],
       grad_fn=<SigmoidBackward0>), tensor([[[[0.5529, 0.5305, 0.5340,  ..., 0.4588, 0.4613, 0.4745],
          [0.5623, 0.5396, 0.5310,  ..., 0.4624, 0.4614, 0.4952],
          [0.5533, 0.5326, 0.5345,  ..., 0.5393, 0.5118, 0.5164],
          ...,
          [0.5127, 0.4683, 0.5724,  ..., 0.5082, 0.4958, 0.5009],
          [0.5256, 0.5137, 0.6217,  ..., 0.5107, 0.4990, 0.5070],
          [0.4236, 0.4329, 0.4202,  ..., 0.5136, 0.5321, 0.5382]]]],
       grad_fn=<SigmoidBackward0>)]