[tensor([[[[0.5279, 0.5439, 0.5322,  ..., 0.5084, 0.5084, 0.5299],
          [0.5469, 0.5774, 0.5613,  ..., 0.5424, 0.5635, 0.5559],
          [0.5856, 0.5919, 0.5440,  ..., 0.5046, 0.5291, 0.5343],
          ...,
          [0.8297, 0.6332, 0.4218,  ..., 0.4692, 0.4585, 0.4151],
          [0.9380, 0.7336, 0.4447,  ..., 0.5633, 0.4963, 0.4707],
          [0.9809, 0.9766, 0.4995,  ..., 0.3766, 0.5348, 0.5035]]]],
       grad_fn=<SigmoidBackward0>), tensor([[[[0.4787, 0.4570, 0.4246,  ..., 0.4113, 0.4338, 0.4581],
          [0.5052, 0.4593, 0.4229,  ..., 0.4171, 0.4385, 0.4582],
          [0.5118, 0.4774, 0.4248,  ..., 0.3898, 0.4168, 0.4481],
          ...,
          [0.6842, 0.6873, 0.4613,  ..., 0.3364, 0.3801, 0.3304],
          [0.6276, 0.4577, 0.3705,  ..., 0.3582, 0.2739, 0.2129],
          [0.5052, 0.5890, 0.3761,  ..., 0.2741, 0.2144, 0.1160]]]],
       grad_fn=<SigmoidBackward0>), tensor([[[[0.3520, 0.3540, 0.3877,  ..., 0.3524, 0.3603, 0.3746],
          [0.3755, 0.4180, 0.4258,  ..., 0.4331, 0.4584, 0.4371],
          [0.3932, 0.4153, 0.4426,  ..., 0.4512, 0.4929, 0.4910],
          ...,
          [0.3819, 0.2304, 0.4008,  ..., 0.2518, 0.3909, 0.3141],
          [0.4312, 0.5085, 0.4859,  ..., 0.4187, 0.3138, 0.2679],
          [0.5269, 0.2981, 0.2248,  ..., 0.2070, 0.2086, 0.2605]]]],
       grad_fn=<SigmoidBackward0>), tensor([[[[0.4824, 0.4653, 0.4604,  ..., 0.4133, 0.4095, 0.4257],
          [0.4580, 0.4459, 0.4693,  ..., 0.4053, 0.4166, 0.4320],
          [0.4526, 0.4478, 0.4916,  ..., 0.4265, 0.4331, 0.4499],
          ...,
          [0.3861, 0.3739, 0.4838,  ..., 0.4199, 0.4163, 0.4172],
          [0.5010, 0.3324, 0.4329,  ..., 0.4168, 0.4128, 0.4163],
          [0.4667, 0.4589, 0.4023,  ..., 0.3774, 0.3516, 0.3934]]]],
       grad_fn=<SigmoidBackward0>)]