[tensor([[[[0.7201, 0.6283, 0.5291,  ..., 0.5569, 0.5252, 0.5400],
          [0.6437, 0.7154, 0.5684,  ..., 0.5624, 0.5683, 0.5694],
          [0.6426, 0.7024, 0.5565,  ..., 0.5493, 0.5351, 0.5522],
          ...,
          [0.4883, 0.4809, 0.4844,  ..., 0.4772, 0.4811, 0.4848],
          [0.5069, 0.4943, 0.4943,  ..., 0.4757, 0.4792, 0.4817],
          [0.5285, 0.5351, 0.5191,  ..., 0.4974, 0.4921, 0.5068]]]],
       grad_fn=<SigmoidBackward0>), tensor([[[[0.5731, 0.4715, 0.4202,  ..., 0.3504, 0.3785, 0.4180],
          [0.6017, 0.5714, 0.4655,  ..., 0.4154, 0.4110, 0.4234],
          [0.5715, 0.5119, 0.4204,  ..., 0.3858, 0.3647, 0.3520],
          ...,
          [0.4441, 0.4033, 0.4218,  ..., 0.4394, 0.4351, 0.4130],
          [0.4428, 0.3959, 0.4068,  ..., 0.4143, 0.4116, 0.4124],
          [0.4425, 0.4144, 0.4204,  ..., 0.4284, 0.4289, 0.4325]]]],
       grad_fn=<SigmoidBackward0>), tensor([[[[0.4638, 0.4254, 0.4777,  ..., 0.4519, 0.4926, 0.5030],
          [0.4673, 0.3257, 0.4518,  ..., 0.3804, 0.4203, 0.5066],
          [0.4494, 0.3331, 0.4700,  ..., 0.3827, 0.4119, 0.5072],
          ...,
          [0.4224, 0.3900, 0.3903,  ..., 0.3755, 0.3547, 0.3446],
          [0.4027, 0.3754, 0.3861,  ..., 0.3705, 0.3509, 0.3425],
          [0.3886, 0.3726, 0.3793,  ..., 0.3731, 0.3538, 0.3459]]]],
       grad_fn=<SigmoidBackward0>), tensor([[[[0.5099, 0.4977, 0.4863,  ..., 0.4606, 0.4621, 0.4823],
          [0.4904, 0.4767, 0.4916,  ..., 0.4217, 0.4226, 0.4716],
          [0.4742, 0.4626, 0.4795,  ..., 0.4321, 0.4368, 0.4820],
          ...,
          [0.4360, 0.4138, 0.4364,  ..., 0.4399, 0.4429, 0.4617],
          [0.4325, 0.4181, 0.4470,  ..., 0.4454, 0.4522, 0.4722],
          [0.4422, 0.4420, 0.4714,  ..., 0.4619, 0.4702, 0.4910]]]],
       grad_fn=<SigmoidBackward0>)]