[tensor([[[[0.4740, 0.4676, 0.4710,  ..., 0.4637, 0.4746, 0.4909],
          [0.4818, 0.4650, 0.4591,  ..., 0.4540, 0.4703, 0.4900],
          [0.4804, 0.4551, 0.4528,  ..., 0.4459, 0.4557, 0.4761],
          ...,
          [0.5715, 0.5486, 0.4849,  ..., 0.4876, 0.4771, 0.4845],
          [0.6787, 0.6540, 0.5037,  ..., 0.5007, 0.5057, 0.4754],
          [0.6286, 0.5755, 0.4466,  ..., 0.3923, 0.4298, 0.4172]]]],
       grad_fn=<SigmoidBackward0>), tensor([[[[0.4075, 0.3878, 0.3686,  ..., 0.3672, 0.3699, 0.3736],
          [0.4142, 0.3925, 0.3730,  ..., 0.3687, 0.3714, 0.3704],
          [0.4177, 0.3994, 0.3786,  ..., 0.3629, 0.3654, 0.3693],
          ...,
          [0.5332, 0.4578, 0.4090,  ..., 0.4409, 0.4331, 0.4282],
          [0.4360, 0.3965, 0.3742,  ..., 0.4229, 0.4091, 0.3628],
          [0.4534, 0.4543, 0.3924,  ..., 0.3914, 0.3538, 0.2630]]]],
       grad_fn=<SigmoidBackward0>), tensor([[[[0.3127, 0.3125, 0.3134,  ..., 0.2842, 0.2843, 0.2800],
          [0.2873, 0.2932, 0.3100,  ..., 0.2825, 0.2773, 0.2810],
          [0.2752, 0.2961, 0.3249,  ..., 0.2891, 0.2850, 0.2860],
          ...,
          [0.2927, 0.2654, 0.3680,  ..., 0.3369, 0.4259, 0.4296],
          [0.3343, 0.3785, 0.4005,  ..., 0.4541, 0.4655, 0.4484],
          [0.5501, 0.3660, 0.2625,  ..., 0.3579, 0.3334, 0.3842]]]],
       grad_fn=<SigmoidBackward0>), tensor([[[[0.3747, 0.3476, 0.3484,  ..., 0.3476, 0.3499, 0.3611],
          [0.3498, 0.3338, 0.3428,  ..., 0.3412, 0.3458, 0.3671],
          [0.3425, 0.3246, 0.3373,  ..., 0.3368, 0.3447, 0.3727],
          ...,
          [0.3281, 0.3460, 0.3693,  ..., 0.3786, 0.3708, 0.3897],
          [0.3732, 0.3804, 0.3801,  ..., 0.3926, 0.3869, 0.4128],
          [0.4156, 0.4087, 0.3921,  ..., 0.3995, 0.4015, 0.4293]]]],
       grad_fn=<SigmoidBackward0>)]