[tensor([[[[0.4586, 0.4673, 0.4988,  ..., 0.4997, 0.4749, 0.4867],
          [0.5074, 0.5064, 0.5324,  ..., 0.5394, 0.5387, 0.5303],
          [0.5313, 0.5253, 0.5414,  ..., 0.5465, 0.5088, 0.4959],
          ...,
          [0.4827, 0.4835, 0.4896,  ..., 0.5832, 0.5399, 0.6058],
          [0.5084, 0.4963, 0.5047,  ..., 0.5713, 0.6466, 0.6852],
          [0.5291, 0.5435, 0.5366,  ..., 0.7669, 0.8080, 0.8141]]]],
       grad_fn=<SigmoidBackward0>), tensor([[[[0.4278, 0.3869, 0.3750,  ..., 0.3861, 0.3996, 0.4048],
          [0.4390, 0.3898, 0.4041,  ..., 0.4601, 0.4568, 0.4168],
          [0.4493, 0.4079, 0.4399,  ..., 0.4408, 0.4044, 0.3750],
          ...,
          [0.4506, 0.4028, 0.4335,  ..., 0.4196, 0.3998, 0.3668],
          [0.4550, 0.3995, 0.4138,  ..., 0.3531, 0.4165, 0.5656],
          [0.4562, 0.4175, 0.4289,  ..., 0.3770, 0.3581, 0.4316]]]],
       grad_fn=<SigmoidBackward0>), tensor([[[[0.4222, 0.3663, 0.3447,  ..., 0.4899, 0.5396, 0.5573],
          [0.3880, 0.3384, 0.3327,  ..., 0.4324, 0.4670, 0.5380],
          [0.3861, 0.3474, 0.3513,  ..., 0.4334, 0.4493, 0.5584],
          ...,
          [0.4234, 0.3680, 0.3790,  ..., 0.4155, 0.4666, 0.5523],
          [0.4108, 0.3569, 0.3690,  ..., 0.5060, 0.6020, 0.5755],
          [0.3938, 0.3525, 0.3617,  ..., 0.2959, 0.4310, 0.6030]]]],
       grad_fn=<SigmoidBackward0>), tensor([[[[0.5004, 0.4714, 0.4621,  ..., 0.5040, 0.5248, 0.5282],
          [0.4628, 0.4246, 0.4423,  ..., 0.4928, 0.4897, 0.5091],
          [0.4583, 0.4231, 0.4593,  ..., 0.4961, 0.4929, 0.5074],
          ...,
          [0.4561, 0.4271, 0.4722,  ..., 0.5008, 0.5252, 0.5057],
          [0.4589, 0.4320, 0.4709,  ..., 0.5430, 0.5442, 0.5332],
          [0.4690, 0.4552, 0.4889,  ..., 0.4525, 0.4771, 0.4862]]]],
       grad_fn=<SigmoidBackward0>)]