[tensor([[[[0.4353, 0.4750, 0.4710,  ..., 0.4536, 0.4449, 0.4646],
          [0.4309, 0.4804, 0.4828,  ..., 0.4686, 0.4977, 0.4165],
          [0.4329, 0.4679, 0.4693,  ..., 0.4776, 0.4873, 0.3708],
          ...,
          [0.4716, 0.4746, 0.4235,  ..., 0.4249, 0.4218, 0.4512],
          [0.4715, 0.4754, 0.4319,  ..., 0.4370, 0.4422, 0.4593],
          [0.4870, 0.5009, 0.4749,  ..., 0.4729, 0.4724, 0.4662]]]],
       grad_fn=<SigmoidBackward0>), tensor([[[[0.4334, 0.3778, 0.3958,  ..., 0.4141, 0.4196, 0.4055],
          [0.4297, 0.3886, 0.3959,  ..., 0.4071, 0.4401, 0.4080],
          [0.4207, 0.3890, 0.3783,  ..., 0.3917, 0.4310, 0.4026],
          ...,
          [0.4284, 0.3684, 0.3325,  ..., 0.3089, 0.3540, 0.4087],
          [0.4295, 0.3791, 0.3499,  ..., 0.3345, 0.3626, 0.4041],
          [0.4532, 0.4466, 0.4255,  ..., 0.3997, 0.4145, 0.4302]]]],
       grad_fn=<SigmoidBackward0>), tensor([[[[0.3661, 0.4127, 0.3559,  ..., 0.3036, 0.3119, 0.3139],
          [0.3798, 0.4328, 0.3478,  ..., 0.2983, 0.3224, 0.3114],
          [0.3574, 0.4114, 0.3512,  ..., 0.2707, 0.3606, 0.3239],
          ...,
          [0.2795, 0.2638, 0.2561,  ..., 0.2356, 0.2696, 0.3252],
          [0.3033, 0.2951, 0.2791,  ..., 0.2703, 0.2914, 0.3337],
          [0.3235, 0.3287, 0.3156,  ..., 0.2778, 0.2942, 0.3316]]]],
       grad_fn=<SigmoidBackward0>), tensor([[[[0.3992, 0.3701, 0.3650,  ..., 0.3858, 0.3906, 0.4072],
          [0.3807, 0.3560, 0.3575,  ..., 0.3836, 0.3950, 0.4168],
          [0.3775, 0.3514, 0.3476,  ..., 0.3804, 0.4011, 0.4254],
          ...,
          [0.4069, 0.3905, 0.3837,  ..., 0.3818, 0.3919, 0.4133],
          [0.4013, 0.4078, 0.4001,  ..., 0.3905, 0.3976, 0.4178],
          [0.4000, 0.4214, 0.4199,  ..., 0.4193, 0.4233, 0.4364]]]],
       grad_fn=<SigmoidBackward0>)]