[tensor([[[[0.3859, 0.5509, 0.5427,  ..., 0.5265, 0.6623, 0.8146],
          [0.5291, 0.4765, 0.4245,  ..., 0.5584, 0.6268, 0.6650],
          [0.6698, 0.6324, 0.4390,  ..., 0.4653, 0.4990, 0.4720],
          ...,
          [0.7706, 0.6461, 0.5815,  ..., 0.4696, 0.5640, 0.4905],
          [0.7498, 0.6578, 0.5823,  ..., 0.5373, 0.5398, 0.5226],
          [0.7251, 0.6950, 0.6174,  ..., 0.6259, 0.5700, 0.5085]]]],
       grad_fn=<SigmoidBackward0>), tensor([[[[0.6312, 0.5858, 0.5697,  ..., 0.5060, 0.7151, 0.5401],
          [0.5433, 0.5153, 0.4618,  ..., 0.3835, 0.3993, 0.3393],
          [0.4949, 0.5167, 0.4417,  ..., 0.4377, 0.5043, 0.3965],
          ...,
          [0.6005, 0.6777, 0.5601,  ..., 0.4190, 0.4983, 0.3938],
          [0.6461, 0.7090, 0.5898,  ..., 0.5519, 0.6355, 0.4189],
          [0.6665, 0.6971, 0.6380,  ..., 0.4491, 0.5407, 0.3688]]]],
       grad_fn=<SigmoidBackward0>), tensor([[[[0.2469, 0.1700, 0.2867,  ..., 0.2763, 0.3046, 0.2543],
          [0.3744, 0.3635, 0.4161,  ..., 0.3900, 0.3285, 0.1919],
          [0.4493, 0.3503, 0.4626,  ..., 0.4289, 0.4166, 0.2818],
          ...,
          [0.4025, 0.2817, 0.3122,  ..., 0.5070, 0.5104, 0.3029],
          [0.3896, 0.2737, 0.3103,  ..., 0.5067, 0.4195, 0.3336],
          [0.4871, 0.3952, 0.3990,  ..., 0.4630, 0.4833, 0.4060]]]],
       grad_fn=<SigmoidBackward0>), tensor([[[[0.4006, 0.3721, 0.3883,  ..., 0.4521, 0.4562, 0.4351],
          [0.3710, 0.3509, 0.3483,  ..., 0.4455, 0.4326, 0.4239],
          [0.3635, 0.3410, 0.3378,  ..., 0.4615, 0.4434, 0.4215],
          ...,
          [0.4185, 0.4317, 0.4491,  ..., 0.5318, 0.4406, 0.4336],
          [0.4138, 0.4232, 0.4341,  ..., 0.5583, 0.4475, 0.4336],
          [0.4610, 0.4530, 0.4920,  ..., 0.6313, 0.5355, 0.4757]]]],
       grad_fn=<SigmoidBackward0>)]