[tensor([[[[0.4854, 0.4806, 0.4827,  ..., 0.5319, 0.5135, 0.4882],
          [0.5223, 0.6135, 0.5092,  ..., 0.4377, 0.4044, 0.3050],
          [0.6005, 0.6325, 0.4381,  ..., 0.4371, 0.3590, 0.4273],
          ...,
          [0.6689, 0.6483, 0.4831,  ..., 0.4857, 0.4368, 0.5402],
          [0.5912, 0.6985, 0.5076,  ..., 0.5106, 0.4720, 0.5004],
          [0.5133, 0.6437, 0.4690,  ..., 0.5432, 0.4874, 0.5796]]]],
       grad_fn=<SigmoidBackward0>), tensor([[[[0.5031, 0.5231, 0.5337,  ..., 0.4392, 0.4585, 0.2972],
          [0.4554, 0.4189, 0.4123,  ..., 0.3720, 0.2937, 0.1561],
          [0.5440, 0.4366, 0.5205,  ..., 0.3847, 0.3611, 0.2264],
          ...,
          [0.6477, 0.4197, 0.4202,  ..., 0.3453, 0.3702, 0.3594],
          [0.6102, 0.4635, 0.4633,  ..., 0.3829, 0.4261, 0.4021],
          [0.5041, 0.3624, 0.3864,  ..., 0.4457, 0.4155, 0.3777]]]],
       grad_fn=<SigmoidBackward0>), tensor([[[[0.3204, 0.2285, 0.3267,  ..., 0.3783, 0.3974, 0.3781],
          [0.3516, 0.3442, 0.3514,  ..., 0.4283, 0.4353, 0.3194],
          [0.2791, 0.3950, 0.4728,  ..., 0.3734, 0.3910, 0.4319],
          ...,
          [0.3603, 0.5513, 0.5218,  ..., 0.3232, 0.3197, 0.3973],
          [0.3679, 0.4794, 0.4590,  ..., 0.2613, 0.2524, 0.3419],
          [0.4483, 0.4122, 0.3466,  ..., 0.3865, 0.3212, 0.4109]]]],
       grad_fn=<SigmoidBackward0>), tensor([[[[0.3569, 0.3218, 0.3397,  ..., 0.3625, 0.3845, 0.3991],
          [0.3113, 0.2727, 0.3190,  ..., 0.3124, 0.3528, 0.4006],
          [0.3113, 0.2834, 0.3105,  ..., 0.3366, 0.3606, 0.3825],
          ...,
          [0.3500, 0.3410, 0.3971,  ..., 0.3561, 0.3531, 0.4124],
          [0.3864, 0.3539, 0.4134,  ..., 0.3654, 0.3797, 0.4071],
          [0.4335, 0.4011, 0.4437,  ..., 0.3845, 0.3943, 0.4252]]]],
       grad_fn=<SigmoidBackward0>)]