[tensor([[[[0.5417, 0.6654, 0.6300,  ..., 0.5371, 0.6375, 0.8255],
          [0.7201, 0.4956, 0.4088,  ..., 0.5186, 0.6668, 0.5195],
          [0.7778, 0.6034, 0.5237,  ..., 0.4085, 0.3900, 0.2858],
          ...,
          [0.7041, 0.6746, 0.4398,  ..., 0.4836, 0.4892, 0.4817],
          [0.7074, 0.6817, 0.5060,  ..., 0.5161, 0.5360, 0.5272],
          [0.6193, 0.5937, 0.4574,  ..., 0.5724, 0.5367, 0.5039]]]],
       grad_fn=<SigmoidBackward0>), tensor([[[[0.7849, 0.7163, 0.6507,  ..., 0.8613, 0.9548, 0.8407],
          [0.7675, 0.6340, 0.5787,  ..., 0.7001, 0.7914, 0.6518],
          [0.6485, 0.6787, 0.6164,  ..., 0.6741, 0.7165, 0.5802],
          ...,
          [0.4317, 0.5209, 0.4620,  ..., 0.3579, 0.4637, 0.3465],
          [0.4746, 0.6479, 0.4967,  ..., 0.4586, 0.5194, 0.4533],
          [0.4055, 0.5192, 0.5045,  ..., 0.4647, 0.5248, 0.3316]]]],
       grad_fn=<SigmoidBackward0>), tensor([[[[0.2898, 0.3283, 0.3857,  ..., 0.5567, 0.2475, 0.1224],
          [0.4008, 0.3519, 0.3660,  ..., 0.7796, 0.5713, 0.3649],
          [0.5095, 0.3555, 0.4125,  ..., 0.7207, 0.7839, 0.4726],
          ...,
          [0.3465, 0.3399, 0.3369,  ..., 0.4414, 0.4677, 0.2926],
          [0.3747, 0.3593, 0.3659,  ..., 0.4301, 0.3430, 0.2704],
          [0.3767, 0.4338, 0.3310,  ..., 0.5018, 0.5590, 0.3471]]]],
       grad_fn=<SigmoidBackward0>), tensor([[[[0.3837, 0.3651, 0.4063,  ..., 0.2694, 0.2951, 0.3012],
          [0.3272, 0.3233, 0.3656,  ..., 0.1526, 0.1944, 0.1872],
          [0.3183, 0.3345, 0.3946,  ..., 0.2720, 0.3683, 0.2506],
          ...,
          [0.3666, 0.3447, 0.3624,  ..., 0.4326, 0.3956, 0.3974],
          [0.3830, 0.3742, 0.3642,  ..., 0.4137, 0.3878, 0.3747],
          [0.4443, 0.3919, 0.4254,  ..., 0.4272, 0.4133, 0.3777]]]],
       grad_fn=<SigmoidBackward0>)]