[tensor([[[[0.5523, 0.4609, 0.4682,  ..., 0.5123, 0.4854, 0.4818],
          [0.5595, 0.5998, 0.5000,  ..., 0.4801, 0.4847, 0.4589],
          [0.6159, 0.5916, 0.5061,  ..., 0.4407, 0.4325, 0.4501],
          ...,
          [0.4385, 0.4928, 0.5165,  ..., 0.4344, 0.4464, 0.4811],
          [0.5441, 0.5607, 0.5123,  ..., 0.4678, 0.4834, 0.5059],
          [0.4540, 0.4232, 0.3973,  ..., 0.5408, 0.5379, 0.5217]]]],
       grad_fn=<SigmoidBackward0>), tensor([[[[0.5848, 0.5271, 0.5148,  ..., 0.4701, 0.4854, 0.4955],
          [0.5229, 0.5476, 0.5092,  ..., 0.4223, 0.4369, 0.4595],
          [0.5476, 0.5600, 0.4690,  ..., 0.3873, 0.4034, 0.4382],
          ...,
          [0.4605, 0.4469, 0.3712,  ..., 0.3697, 0.4153, 0.4475],
          [0.3523, 0.3781, 0.4000,  ..., 0.3796, 0.4056, 0.4258],
          [0.3256, 0.3613, 0.3969,  ..., 0.4367, 0.4471, 0.4460]]]],
       grad_fn=<SigmoidBackward0>), tensor([[[[0.2937, 0.3528, 0.3664,  ..., 0.3204, 0.3385, 0.3870],
          [0.4059, 0.4013, 0.4513,  ..., 0.3109, 0.3437, 0.3946],
          [0.3579, 0.3685, 0.3684,  ..., 0.3085, 0.3446, 0.3949],
          ...,
          [0.3896, 0.5111, 0.3944,  ..., 0.3252, 0.3463, 0.3576],
          [0.2263, 0.5080, 0.4831,  ..., 0.3724, 0.3745, 0.3617],
          [0.3072, 0.2435, 0.3513,  ..., 0.3822, 0.3733, 0.3651]]]],
       grad_fn=<SigmoidBackward0>), tensor([[[[0.4579, 0.4444, 0.4460,  ..., 0.4314, 0.4400, 0.4550],
          [0.4547, 0.4429, 0.4649,  ..., 0.4153, 0.4244, 0.4442],
          [0.4532, 0.4554, 0.4595,  ..., 0.4251, 0.4180, 0.4396],
          ...,
          [0.4374, 0.4399, 0.4299,  ..., 0.3905, 0.3996, 0.4228],
          [0.4421, 0.4375, 0.4416,  ..., 0.3968, 0.4017, 0.4192],
          [0.4378, 0.4398, 0.4565,  ..., 0.4068, 0.4062, 0.4156]]]],
       grad_fn=<SigmoidBackward0>)]