[tensor([[[[0.6697, 0.4646, 0.3889,  ..., 0.4683, 0.4884, 0.4580],
          [0.6074, 0.4790, 0.4543,  ..., 0.4248, 0.4530, 0.3974],
          [0.6171, 0.5406, 0.5015,  ..., 0.4367, 0.3924, 0.3462],
          ...,
          [0.5397, 0.5626, 0.5050,  ..., 0.4800, 0.4725, 0.4613],
          [0.5383, 0.5641, 0.5185,  ..., 0.4986, 0.4997, 0.4928],
          [0.5465, 0.5520, 0.5215,  ..., 0.4982, 0.5147, 0.4979]]]],
       grad_fn=<SigmoidBackward0>), tensor([[[[0.5757, 0.4907, 0.4005,  ..., 0.3969, 0.4154, 0.4061],
          [0.5531, 0.5558, 0.4407,  ..., 0.4047, 0.4247, 0.3906],
          [0.5302, 0.5573, 0.4288,  ..., 0.3914, 0.4371, 0.3789],
          ...,
          [0.4224, 0.3895, 0.3768,  ..., 0.3837, 0.3967, 0.4343],
          [0.4333, 0.4047, 0.3999,  ..., 0.4242, 0.4234, 0.4434],
          [0.4576, 0.4582, 0.4474,  ..., 0.4833, 0.4772, 0.4783]]]],
       grad_fn=<SigmoidBackward0>), tensor([[[[0.2551, 0.2896, 0.4311,  ..., 0.2391, 0.2537, 0.2926],
          [0.2737, 0.3018, 0.4238,  ..., 0.2524, 0.2857, 0.3448],
          [0.3045, 0.2550, 0.3575,  ..., 0.2267, 0.3338, 0.4109],
          ...,
          [0.3132, 0.3208, 0.3384,  ..., 0.3292, 0.3393, 0.3749],
          [0.3073, 0.3332, 0.3322,  ..., 0.3480, 0.3630, 0.3941],
          [0.2988, 0.3174, 0.3197,  ..., 0.3433, 0.3554, 0.3791]]]],
       grad_fn=<SigmoidBackward0>), tensor([[[[0.2725, 0.2731, 0.3178,  ..., 0.3414, 0.3438, 0.3633],
          [0.2762, 0.2699, 0.2945,  ..., 0.3436, 0.3491, 0.3620],
          [0.2892, 0.2649, 0.3066,  ..., 0.3528, 0.3505, 0.3817],
          ...,
          [0.3670, 0.3673, 0.3935,  ..., 0.3840, 0.3783, 0.3938],
          [0.3641, 0.3607, 0.3847,  ..., 0.3883, 0.3871, 0.4119],
          [0.3866, 0.3922, 0.4095,  ..., 0.4134, 0.4201, 0.4451]]]],
       grad_fn=<SigmoidBackward0>)]