[tensor([[[[0.4676, 0.4782, 0.5078,  ..., 0.5197, 0.5098, 0.5056],
          [0.5116, 0.5126, 0.5307,  ..., 0.5343, 0.5268, 0.5059],
          [0.5309, 0.5236, 0.5323,  ..., 0.5303, 0.5165, 0.4951],
          ...,
          [0.6990, 0.7413, 0.5740,  ..., 0.5509, 0.5411, 0.5968],
          [0.7545, 0.6422, 0.5995,  ..., 0.5850, 0.6323, 0.6762],
          [0.8278, 0.8243, 0.6937,  ..., 0.6854, 0.7292, 0.7593]]]],
       grad_fn=<SigmoidBackward0>), tensor([[[[0.4415, 0.3970, 0.3929,  ..., 0.4004, 0.4200, 0.4412],
          [0.4433, 0.3960, 0.4176,  ..., 0.4256, 0.4416, 0.4241],
          [0.4494, 0.4120, 0.4448,  ..., 0.4588, 0.4586, 0.4328],
          ...,
          [0.6375, 0.6131, 0.4207,  ..., 0.4218, 0.3905, 0.3500],
          [0.6762, 0.5024, 0.3972,  ..., 0.4195, 0.4409, 0.5079],
          [0.6310, 0.4385, 0.4286,  ..., 0.4111, 0.4069, 0.4314]]]],
       grad_fn=<SigmoidBackward0>), tensor([[[[0.4261, 0.3844, 0.3707,  ..., 0.3549, 0.3459, 0.3650],
          [0.3928, 0.3664, 0.3668,  ..., 0.3636, 0.3462, 0.3561],
          [0.3939, 0.3756, 0.3840,  ..., 0.3857, 0.3613, 0.3649],
          ...,
          [0.4483, 0.3071, 0.4424,  ..., 0.4257, 0.4694, 0.5626],
          [0.4876, 0.4062, 0.4696,  ..., 0.5433, 0.5818, 0.5715],
          [0.4731, 0.3779, 0.3904,  ..., 0.4195, 0.5195, 0.6197]]]],
       grad_fn=<SigmoidBackward0>), tensor([[[[0.5098, 0.4722, 0.4671,  ..., 0.4698, 0.4700, 0.4742],
          [0.4698, 0.4223, 0.4420,  ..., 0.4662, 0.4621, 0.4829],
          [0.4629, 0.4237, 0.4550,  ..., 0.4756, 0.4800, 0.4955],
          ...,
          [0.5111, 0.5032, 0.5011,  ..., 0.4670, 0.4614, 0.4786],
          [0.5155, 0.5243, 0.5304,  ..., 0.4943, 0.4795, 0.4748],
          [0.4723, 0.4716, 0.4739,  ..., 0.4501, 0.4738, 0.4622]]]],
       grad_fn=<SigmoidBackward0>)]