[tensor([[[[0.4317, 0.4485, 0.4276,  ..., 0.4553, 0.4598, 0.4440],
          [0.4310, 0.4389, 0.4404,  ..., 0.4535, 0.4540, 0.4205],
          [0.4321, 0.4303, 0.4384,  ..., 0.4221, 0.4465, 0.4072],
          ...,
          [0.4378, 0.4388, 0.3884,  ..., 0.3981, 0.4052, 0.4335],
          [0.4387, 0.4408, 0.4080,  ..., 0.4110, 0.4168, 0.4373],
          [0.4540, 0.4663, 0.4417,  ..., 0.4384, 0.4391, 0.4389]]]],
       grad_fn=<SigmoidBackward0>), tensor([[[[0.4216, 0.3706, 0.3775,  ..., 0.3665, 0.3731, 0.4033],
          [0.4312, 0.3724, 0.3703,  ..., 0.3612, 0.3753, 0.3868],
          [0.4088, 0.3549, 0.3575,  ..., 0.3472, 0.3719, 0.3772],
          ...,
          [0.3839, 0.3353, 0.3088,  ..., 0.2847, 0.3232, 0.3762],
          [0.3902, 0.3503, 0.3274,  ..., 0.3040, 0.3326, 0.3736],
          [0.4248, 0.4117, 0.3864,  ..., 0.3598, 0.3765, 0.4002]]]],
       grad_fn=<SigmoidBackward0>), tensor([[[[0.3647, 0.3848, 0.3236,  ..., 0.2848, 0.2985, 0.3010],
          [0.3800, 0.4024, 0.2999,  ..., 0.2513, 0.2706, 0.3020],
          [0.3583, 0.3710, 0.2785,  ..., 0.2484, 0.2918, 0.3049],
          ...,
          [0.2358, 0.2192, 0.2151,  ..., 0.2157, 0.2532, 0.3233],
          [0.2612, 0.2533, 0.2467,  ..., 0.2474, 0.2725, 0.3350],
          [0.2953, 0.3021, 0.3002,  ..., 0.2706, 0.2919, 0.3404]]]],
       grad_fn=<SigmoidBackward0>), tensor([[[[0.3788, 0.3450, 0.3326,  ..., 0.3247, 0.3281, 0.3343],
          [0.3722, 0.3331, 0.3258,  ..., 0.3257, 0.3308, 0.3445],
          [0.3573, 0.3225, 0.3177,  ..., 0.3214, 0.3283, 0.3488],
          ...,
          [0.3694, 0.3837, 0.3725,  ..., 0.3701, 0.3762, 0.3953],
          [0.3645, 0.3943, 0.3961,  ..., 0.3820, 0.3846, 0.4045],
          [0.3592, 0.3868, 0.4075,  ..., 0.4102, 0.4115, 0.4237]]]],
       grad_fn=<SigmoidBackward0>)]