[tensor([[[[0.4773, 0.4672, 0.4370,  ..., 0.4367, 0.4166, 0.4235],
          [0.5003, 0.5112, 0.4715,  ..., 0.4581, 0.4224, 0.4042],
          [0.5245, 0.5040, 0.4511,  ..., 0.4636, 0.3891, 0.3898],
          ...,
          [0.4822, 0.4601, 0.4656,  ..., 0.4574, 0.4618, 0.4817],
          [0.4953, 0.4790, 0.4833,  ..., 0.4734, 0.4797, 0.4893],
          [0.5129, 0.5090, 0.5114,  ..., 0.5031, 0.5059, 0.5110]]]],
       grad_fn=<SigmoidBackward0>), tensor([[[[0.5110, 0.4758, 0.4354,  ..., 0.4370, 0.4401, 0.4411],
          [0.4976, 0.5002, 0.4324,  ..., 0.4045, 0.4242, 0.4065],
          [0.4911, 0.4863, 0.4270,  ..., 0.3913, 0.3967, 0.3950],
          ...,
          [0.4025, 0.3582, 0.3148,  ..., 0.3217, 0.3285, 0.3350],
          [0.4026, 0.3694, 0.3315,  ..., 0.3375, 0.3388, 0.3493],
          [0.4041, 0.3933, 0.3722,  ..., 0.3686, 0.3694, 0.3743]]]],
       grad_fn=<SigmoidBackward0>), tensor([[[[0.3422, 0.3225, 0.4282,  ..., 0.3390, 0.3256, 0.3184],
          [0.3765, 0.3122, 0.3887,  ..., 0.3289, 0.3225, 0.3597],
          [0.3447, 0.2685, 0.3682,  ..., 0.3362, 0.3469, 0.3909],
          ...,
          [0.2832, 0.2828, 0.2959,  ..., 0.2706, 0.2756, 0.2835],
          [0.2925, 0.2915, 0.3008,  ..., 0.2878, 0.2940, 0.3015],
          [0.3192, 0.3222, 0.3376,  ..., 0.3383, 0.3354, 0.3468]]]],
       grad_fn=<SigmoidBackward0>), tensor([[[[0.3032, 0.3053, 0.3271,  ..., 0.3242, 0.3375, 0.3617],
          [0.3031, 0.3011, 0.3166,  ..., 0.3168, 0.3199, 0.3378],
          [0.3026, 0.3033, 0.3270,  ..., 0.3324, 0.3348, 0.3406],
          ...,
          [0.3242, 0.3079, 0.3214,  ..., 0.3273, 0.3290, 0.3533],
          [0.3330, 0.3215, 0.3329,  ..., 0.3344, 0.3328, 0.3572],
          [0.3526, 0.3505, 0.3616,  ..., 0.3567, 0.3571, 0.3753]]]],
       grad_fn=<SigmoidBackward0>)]