[tensor([[[[0.4614, 0.4597, 0.4551,  ..., 0.4484, 0.4600, 0.4795],
          [0.4571, 0.4426, 0.4311,  ..., 0.4263, 0.4453, 0.4735],
          [0.4583, 0.4273, 0.4155,  ..., 0.4103, 0.4265, 0.4601],
          ...,
          [0.4706, 0.4668, 0.4453,  ..., 0.4713, 0.4378, 0.4147],
          [0.4909, 0.5298, 0.4524,  ..., 0.4640, 0.4399, 0.3854],
          [0.4405, 0.4038, 0.3775,  ..., 0.3830, 0.3729, 0.3340]]]],
       grad_fn=<SigmoidBackward0>), tensor([[[[0.3772, 0.3527, 0.3384,  ..., 0.3409, 0.3410, 0.3520],
          [0.3851, 0.3579, 0.3382,  ..., 0.3418, 0.3412, 0.3436],
          [0.3921, 0.3572, 0.3273,  ..., 0.3279, 0.3266, 0.3302],
          ...,
          [0.4544, 0.4152, 0.4042,  ..., 0.4184, 0.4070, 0.3839],
          [0.4398, 0.4458, 0.4388,  ..., 0.4189, 0.4075, 0.3114],
          [0.3343, 0.3771, 0.3894,  ..., 0.3667, 0.3487, 0.2435]]]],
       grad_fn=<SigmoidBackward0>), tensor([[[[0.2922, 0.2782, 0.2673,  ..., 0.2504, 0.2536, 0.2643],
          [0.2573, 0.2569, 0.2546,  ..., 0.2388, 0.2365, 0.2543],
          [0.2494, 0.2540, 0.2581,  ..., 0.2344, 0.2247, 0.2438],
          ...,
          [0.3766, 0.2847, 0.3649,  ..., 0.3334, 0.3717, 0.4041],
          [0.3521, 0.4195, 0.4353,  ..., 0.4137, 0.4432, 0.4036],
          [0.4553, 0.3029, 0.2978,  ..., 0.2960, 0.2693, 0.3065]]]],
       grad_fn=<SigmoidBackward0>), tensor([[[[0.3396, 0.3029, 0.3002,  ..., 0.2967, 0.3020, 0.3106],
          [0.3038, 0.2888, 0.2975,  ..., 0.2967, 0.3032, 0.3230],
          [0.2974, 0.2791, 0.2920,  ..., 0.2929, 0.3020, 0.3294],
          ...,
          [0.3233, 0.3147, 0.3254,  ..., 0.3438, 0.3461, 0.3457],
          [0.3512, 0.3464, 0.3413,  ..., 0.3666, 0.3586, 0.3613],
          [0.3566, 0.3545, 0.3507,  ..., 0.3666, 0.3570, 0.3671]]]],
       grad_fn=<SigmoidBackward0>)]