[tensor([[[[0.4455, 0.5150, 0.4898,  ..., 0.4973, 0.4777, 0.4323],
          [0.5183, 0.3986, 0.3563,  ..., 0.4231, 0.3704, 0.2984],
          [0.4835, 0.4129, 0.3711,  ..., 0.4291, 0.3613, 0.4367],
          ...,
          [0.8357, 0.8029, 0.6746,  ..., 0.4299, 0.4366, 0.4170],
          [0.7540, 0.8388, 0.6899,  ..., 0.4426, 0.4485, 0.3716],
          [0.6299, 0.7784, 0.5864,  ..., 0.4375, 0.3878, 0.3700]]]],
       grad_fn=<SigmoidBackward0>), tensor([[[[0.4732, 0.3921, 0.3966,  ..., 0.3644, 0.4370, 0.2677],
          [0.4007, 0.3548, 0.3333,  ..., 0.3310, 0.2524, 0.1493],
          [0.3949, 0.4130, 0.3606,  ..., 0.3619, 0.3209, 0.2232],
          ...,
          [0.7592, 0.5393, 0.5041,  ..., 0.3242, 0.3377, 0.3914],
          [0.7334, 0.5217, 0.5662,  ..., 0.3793, 0.4083, 0.4649],
          [0.5709, 0.4145, 0.4612,  ..., 0.3758, 0.4272, 0.4163]]]],
       grad_fn=<SigmoidBackward0>), tensor([[[[0.3385, 0.3256, 0.3442,  ..., 0.3087, 0.3528, 0.2994],
          [0.3140, 0.3264, 0.2971,  ..., 0.3631, 0.3570, 0.2672],
          [0.3572, 0.2775, 0.2830,  ..., 0.2937, 0.3636, 0.4045],
          ...,
          [0.5308, 0.3103, 0.3114,  ..., 0.2766, 0.3175, 0.2229],
          [0.6430, 0.5287, 0.5089,  ..., 0.2938, 0.2661, 0.2297],
          [0.5641, 0.5326, 0.4259,  ..., 0.3516, 0.3475, 0.2742]]]],
       grad_fn=<SigmoidBackward0>), tensor([[[[0.3503, 0.3370, 0.3419,  ..., 0.3561, 0.4048, 0.4130],
          [0.3046, 0.2803, 0.2760,  ..., 0.3356, 0.3779, 0.4223],
          [0.3008, 0.2894, 0.2856,  ..., 0.3244, 0.3666, 0.4114],
          ...,
          [0.3026, 0.2695, 0.3750,  ..., 0.4057, 0.3940, 0.4214],
          [0.4654, 0.3864, 0.4714,  ..., 0.4070, 0.3852, 0.4197],
          [0.6361, 0.5220, 0.6069,  ..., 0.4266, 0.4075, 0.4399]]]],
       grad_fn=<SigmoidBackward0>)]