[tensor([[[[0.4331, 0.4578, 0.4335,  ..., 0.3840, 0.4543, 0.6072],
          [0.5036, 0.5686, 0.4998,  ..., 0.5440, 0.6106, 0.4856],
          [0.5136, 0.5810, 0.4447,  ..., 0.5680, 0.5015, 0.3506],
          ...,
          [0.4227, 0.5188, 0.4332,  ..., 0.5366, 0.4910, 0.5910],
          [0.4307, 0.5130, 0.4787,  ..., 0.5576, 0.5345, 0.5356],
          [0.3635, 0.4899, 0.4150,  ..., 0.5961, 0.5269, 0.6011]]]],
       grad_fn=<SigmoidBackward0>), tensor([[[[0.3887, 0.3978, 0.4124,  ..., 0.5803, 0.6068, 0.3610],
          [0.4056, 0.3344, 0.3344,  ..., 0.5125, 0.4100, 0.2870],
          [0.4537, 0.3629, 0.4097,  ..., 0.5483, 0.4814, 0.3971],
          ...,
          [0.3687, 0.4313, 0.3798,  ..., 0.4042, 0.4157, 0.3956],
          [0.3699, 0.4647, 0.3916,  ..., 0.4029, 0.4519, 0.4162],
          [0.3062, 0.4097, 0.4179,  ..., 0.4227, 0.4393, 0.3920]]]],
       grad_fn=<SigmoidBackward0>), tensor([[[[0.3222, 0.2189, 0.3319,  ..., 0.2599, 0.1746, 0.2090],
          [0.2781, 0.3763, 0.3686,  ..., 0.5598, 0.5281, 0.2735],
          [0.1973, 0.3249, 0.3897,  ..., 0.3097, 0.4330, 0.3364],
          ...,
          [0.2847, 0.3208, 0.3545,  ..., 0.3416, 0.3350, 0.4172],
          [0.3132, 0.3547, 0.3922,  ..., 0.2653, 0.2594, 0.3758],
          [0.3146, 0.3674, 0.3628,  ..., 0.3852, 0.3256, 0.4330]]]],
       grad_fn=<SigmoidBackward0>), tensor([[[[0.3085, 0.3126, 0.3286,  ..., 0.3503, 0.3936, 0.5967],
          [0.2584, 0.3033, 0.3167,  ..., 0.3006, 0.4092, 0.5654],
          [0.2562, 0.3026, 0.3181,  ..., 0.3652, 0.3916, 0.5511],
          ...,
          [0.3282, 0.3138, 0.3077,  ..., 0.3550, 0.3530, 0.3950],
          [0.3402, 0.3285, 0.3134,  ..., 0.3420, 0.3526, 0.3786],
          [0.3768, 0.3493, 0.3566,  ..., 0.4027, 0.3891, 0.3997]]]],
       grad_fn=<SigmoidBackward0>)]