[tensor([[[[0.4212, 0.4371, 0.4513,  ..., 0.4545, 0.4606, 0.4714],
          [0.4305, 0.4475, 0.4602,  ..., 0.4636, 0.4705, 0.4710],
          [0.4395, 0.4488, 0.4628,  ..., 0.4614, 0.4571, 0.4617],
          ...,
          [0.4961, 0.4741, 0.4355,  ..., 0.5108, 0.4674, 0.4827],
          [0.5211, 0.4969, 0.4625,  ..., 0.5120, 0.5280, 0.5516],
          [0.5483, 0.5089, 0.4750,  ..., 0.5357, 0.5239, 0.5042]]]],
       grad_fn=<SigmoidBackward0>), tensor([[[[0.4748, 0.4151, 0.3945,  ..., 0.3732, 0.3817, 0.3988],
          [0.4644, 0.3987, 0.3775,  ..., 0.3666, 0.3747, 0.3856],
          [0.4508, 0.3847, 0.3698,  ..., 0.3665, 0.3692, 0.3819],
          ...,
          [0.5170, 0.4330, 0.4313,  ..., 0.4222, 0.4269, 0.4297],
          [0.4782, 0.4531, 0.4362,  ..., 0.4400, 0.4616, 0.5048],
          [0.4773, 0.4764, 0.4672,  ..., 0.4566, 0.4579, 0.3998]]]],
       grad_fn=<SigmoidBackward0>), tensor([[[[0.2999, 0.2822, 0.2840,  ..., 0.2801, 0.2783, 0.2782],
          [0.2869, 0.2719, 0.2790,  ..., 0.2692, 0.2751, 0.2776],
          [0.2830, 0.2771, 0.2834,  ..., 0.2791, 0.2821, 0.2849],
          ...,
          [0.3938, 0.3130, 0.3681,  ..., 0.3753, 0.3747, 0.4423],
          [0.4776, 0.4459, 0.4504,  ..., 0.4397, 0.4689, 0.4544],
          [0.4431, 0.4027, 0.3485,  ..., 0.3850, 0.4221, 0.4508]]]],
       grad_fn=<SigmoidBackward0>), tensor([[[[0.3329, 0.3192, 0.3172,  ..., 0.3174, 0.3397, 0.3566],
          [0.3208, 0.2884, 0.2953,  ..., 0.2990, 0.3205, 0.3445],
          [0.3204, 0.2895, 0.3041,  ..., 0.3097, 0.3370, 0.3518],
          ...,
          [0.3670, 0.3783, 0.3741,  ..., 0.3934, 0.3940, 0.4117],
          [0.3803, 0.3849, 0.3885,  ..., 0.4133, 0.4216, 0.4505],
          [0.3902, 0.3915, 0.3869,  ..., 0.4331, 0.4470, 0.4415]]]],
       grad_fn=<SigmoidBackward0>)]