[tensor([[[[0.4145, 0.4672, 0.4636,  ..., 0.4048, 0.5053, 0.6870],
          [0.5185, 0.5679, 0.4911,  ..., 0.5156, 0.6045, 0.5087],
          [0.5544, 0.5926, 0.4208,  ..., 0.4816, 0.4623, 0.3377],
          ...,
          [0.4716, 0.5506, 0.4656,  ..., 0.5726, 0.4915, 0.5959],
          [0.4669, 0.5371, 0.4790,  ..., 0.5712, 0.5092, 0.5318],
          [0.3904, 0.4882, 0.4116,  ..., 0.5734, 0.4977, 0.5715]]]],
       grad_fn=<SigmoidBackward0>), tensor([[[[0.5044, 0.5508, 0.5561,  ..., 0.5657, 0.6174, 0.4337],
          [0.5237, 0.4381, 0.4067,  ..., 0.4836, 0.4729, 0.3963],
          [0.5375, 0.4311, 0.4706,  ..., 0.5716, 0.5775, 0.5000],
          ...,
          [0.3669, 0.4608, 0.3976,  ..., 0.4423, 0.4679, 0.4191],
          [0.3747, 0.5162, 0.3985,  ..., 0.4738, 0.5261, 0.4480],
          [0.3052, 0.4395, 0.4390,  ..., 0.5098, 0.5199, 0.4192]]]],
       grad_fn=<SigmoidBackward0>), tensor([[[[0.2939, 0.2096, 0.2975,  ..., 0.2949, 0.1938, 0.1638],
          [0.2701, 0.3795, 0.3671,  ..., 0.5027, 0.3822, 0.2143],
          [0.2496, 0.4024, 0.4254,  ..., 0.4413, 0.4292, 0.3063],
          ...,
          [0.3223, 0.3419, 0.3802,  ..., 0.3076, 0.3368, 0.4143],
          [0.3699, 0.3432, 0.4089,  ..., 0.3139, 0.3354, 0.4134],
          [0.3680, 0.3881, 0.3805,  ..., 0.4129, 0.3988, 0.4807]]]],
       grad_fn=<SigmoidBackward0>), tensor([[[[0.3512, 0.3451, 0.3449,  ..., 0.3769, 0.3947, 0.4930],
          [0.3005, 0.3090, 0.3316,  ..., 0.3322, 0.3553, 0.4602],
          [0.2846, 0.3093, 0.3272,  ..., 0.4173, 0.3968, 0.4339],
          ...,
          [0.3488, 0.3366, 0.3309,  ..., 0.4129, 0.4271, 0.4650],
          [0.3707, 0.3550, 0.3326,  ..., 0.4180, 0.4366, 0.4598],
          [0.4262, 0.3800, 0.3733,  ..., 0.4622, 0.4682, 0.4676]]]],
       grad_fn=<SigmoidBackward0>)]