[tensor([[[[0.4558, 0.4608, 0.4207,  ..., 0.4139, 0.3915, 0.3906],
          [0.4945, 0.4786, 0.4396,  ..., 0.4380, 0.4047, 0.3818],
          [0.5150, 0.4736, 0.4249,  ..., 0.4288, 0.3752, 0.3680],
          ...,
          [0.4545, 0.4324, 0.4214,  ..., 0.4154, 0.4261, 0.4550],
          [0.4676, 0.4538, 0.4466,  ..., 0.4360, 0.4481, 0.4690],
          [0.4928, 0.4909, 0.4864,  ..., 0.4777, 0.4851, 0.4952]]]],
       grad_fn=<SigmoidBackward0>), tensor([[[[0.4491, 0.4076, 0.3952,  ..., 0.3921, 0.4005, 0.4251],
          [0.4386, 0.4338, 0.3833,  ..., 0.3781, 0.3964, 0.3916],
          [0.4353, 0.4377, 0.3899,  ..., 0.3761, 0.3724, 0.3842],
          ...,
          [0.3630, 0.3166, 0.2829,  ..., 0.2871, 0.2952, 0.3053],
          [0.3714, 0.3309, 0.3029,  ..., 0.3035, 0.3076, 0.3180],
          [0.3828, 0.3616, 0.3394,  ..., 0.3270, 0.3353, 0.3412]]]],
       grad_fn=<SigmoidBackward0>), tensor([[[[0.3323, 0.3387, 0.3540,  ..., 0.3450, 0.3320, 0.3092],
          [0.3749, 0.3435, 0.3298,  ..., 0.3123, 0.3059, 0.3359],
          [0.3435, 0.2983, 0.3359,  ..., 0.3273, 0.3362, 0.3454],
          ...,
          [0.2617, 0.2475, 0.2417,  ..., 0.2211, 0.2279, 0.2407],
          [0.2710, 0.2542, 0.2504,  ..., 0.2347, 0.2449, 0.2610],
          [0.2961, 0.2862, 0.2863,  ..., 0.2826, 0.2874, 0.3147]]]],
       grad_fn=<SigmoidBackward0>), tensor([[[[0.2879, 0.2838, 0.2928,  ..., 0.3015, 0.3131, 0.3344],
          [0.2862, 0.2783, 0.2850,  ..., 0.3033, 0.3042, 0.3257],
          [0.2886, 0.2823, 0.2950,  ..., 0.3051, 0.3246, 0.3305],
          ...,
          [0.2959, 0.2809, 0.2947,  ..., 0.3022, 0.3042, 0.3230],
          [0.3051, 0.2915, 0.3018,  ..., 0.3039, 0.3041, 0.3261],
          [0.3270, 0.3243, 0.3340,  ..., 0.3243, 0.3268, 0.3486]]]],
       grad_fn=<SigmoidBackward0>)]