[tensor([[[[0.4379, 0.4749, 0.4676,  ..., 0.4804, 0.4755, 0.4854],
          [0.4383, 0.4737, 0.4919,  ..., 0.4483, 0.4616, 0.4591],
          [0.4263, 0.4656, 0.4755,  ..., 0.4091, 0.4199, 0.4302],
          ...,
          [0.4494, 0.4687, 0.4925,  ..., 0.3993, 0.4036, 0.4329],
          [0.5721, 0.5842, 0.5266,  ..., 0.4326, 0.4396, 0.4572],
          [0.4426, 0.4584, 0.3979,  ..., 0.4897, 0.4908, 0.4835]]]],
       grad_fn=<SigmoidBackward0>), tensor([[[[0.4435, 0.4141, 0.4208,  ..., 0.4075, 0.4303, 0.4581],
          [0.4467, 0.4173, 0.4224,  ..., 0.3708, 0.3977, 0.4396],
          [0.4267, 0.4056, 0.4172,  ..., 0.3436, 0.3722, 0.4202],
          ...,
          [0.4328, 0.4268, 0.3663,  ..., 0.3185, 0.3603, 0.4170],
          [0.3646, 0.3747, 0.3724,  ..., 0.3474, 0.3736, 0.4164],
          [0.3231, 0.3427, 0.3505,  ..., 0.4174, 0.4275, 0.4452]]]],
       grad_fn=<SigmoidBackward0>), tensor([[[[0.3684, 0.4109, 0.3562,  ..., 0.3031, 0.3270, 0.3715],
          [0.3656, 0.4255, 0.3309,  ..., 0.2758, 0.3128, 0.3721],
          [0.3555, 0.4187, 0.3462,  ..., 0.2588, 0.2993, 0.3587],
          ...,
          [0.3319, 0.3899, 0.3246,  ..., 0.2556, 0.2863, 0.3437],
          [0.1997, 0.4509, 0.4452,  ..., 0.2989, 0.3155, 0.3482],
          [0.2845, 0.2470, 0.3789,  ..., 0.3180, 0.3226, 0.3428]]]],
       grad_fn=<SigmoidBackward0>), tensor([[[[0.3992, 0.3691, 0.3607,  ..., 0.3986, 0.4105, 0.4240],
          [0.3816, 0.3595, 0.3564,  ..., 0.3840, 0.3977, 0.4152],
          [0.3764, 0.3513, 0.3522,  ..., 0.3882, 0.3953, 0.4139],
          ...,
          [0.4052, 0.4078, 0.3952,  ..., 0.3769, 0.3903, 0.4097],
          [0.4134, 0.3930, 0.3990,  ..., 0.3829, 0.3922, 0.4123],
          [0.4014, 0.3983, 0.4116,  ..., 0.4055, 0.4093, 0.4213]]]],
       grad_fn=<SigmoidBackward0>)]