[tensor([[[[0.4904, 0.4931, 0.5125,  ..., 0.5359, 0.5351, 0.5358],
          [0.5293, 0.5291, 0.5483,  ..., 0.5650, 0.5598, 0.5556],
          [0.5383, 0.5426, 0.5579,  ..., 0.5648, 0.5489, 0.5433],
          ...,
          [0.5538, 0.5759, 0.5138,  ..., 0.5709, 0.5271, 0.5177],
          [0.6262, 0.5628, 0.5128,  ..., 0.5465, 0.5683, 0.5999],
          [0.7028, 0.6725, 0.5499,  ..., 0.6094, 0.6531, 0.6652]]]],
       grad_fn=<SigmoidBackward0>), tensor([[[[0.5293, 0.4518, 0.4343,  ..., 0.4332, 0.4335, 0.4475],
          [0.5224, 0.4456, 0.4504,  ..., 0.4574, 0.4543, 0.4418],
          [0.5102, 0.4395, 0.4562,  ..., 0.4693, 0.4633, 0.4561],
          ...,
          [0.6958, 0.5700, 0.5211,  ..., 0.5323, 0.4842, 0.3867],
          [0.6866, 0.5861, 0.5023,  ..., 0.4933, 0.5063, 0.5359],
          [0.7060, 0.5303, 0.5207,  ..., 0.4728, 0.4757, 0.5383]]]],
       grad_fn=<SigmoidBackward0>), tensor([[[[0.3890, 0.3562, 0.3637,  ..., 0.3596, 0.3602, 0.3442],
          [0.3689, 0.3218, 0.3343,  ..., 0.3369, 0.3329, 0.3244],
          [0.3662, 0.3269, 0.3454,  ..., 0.3606, 0.3443, 0.3349],
          ...,
          [0.4023, 0.3152, 0.4489,  ..., 0.4021, 0.4250, 0.4719],
          [0.5423, 0.4951, 0.5447,  ..., 0.5678, 0.5760, 0.4739],
          [0.5824, 0.5276, 0.4963,  ..., 0.4437, 0.5043, 0.5366]]]],
       grad_fn=<SigmoidBackward0>), tensor([[[[0.4038, 0.3948, 0.3956,  ..., 0.4019, 0.4300, 0.4395],
          [0.3716, 0.3403, 0.3545,  ..., 0.3709, 0.4039, 0.4242],
          [0.3726, 0.3466, 0.3640,  ..., 0.3891, 0.4215, 0.4337],
          ...,
          [0.4213, 0.4347, 0.4761,  ..., 0.4543, 0.4703, 0.4917],
          [0.4303, 0.4425, 0.4749,  ..., 0.4599, 0.4711, 0.5075],
          [0.4501, 0.4409, 0.4659,  ..., 0.5159, 0.5125, 0.4978]]]],
       grad_fn=<SigmoidBackward0>)]