[tensor([[[[0.5598, 0.5523, 0.5273,  ..., 0.5117, 0.4931, 0.4968],
          [0.5400, 0.5540, 0.4951,  ..., 0.4834, 0.4923, 0.4846],
          [0.5311, 0.5296, 0.4630,  ..., 0.4422, 0.4479, 0.4641],
          ...,
          [0.5529, 0.5234, 0.4763,  ..., 0.4791, 0.5414, 0.3977],
          [0.7274, 0.7063, 0.5043,  ..., 0.5120, 0.5465, 0.4006],
          [0.6327, 0.5643, 0.4176,  ..., 0.4203, 0.5459, 0.3951]]]],
       grad_fn=<SigmoidBackward0>), tensor([[[[0.4883, 0.4673, 0.4577,  ..., 0.4434, 0.4684, 0.4930],
          [0.4875, 0.4398, 0.4073,  ..., 0.4055, 0.4317, 0.4716],
          [0.4790, 0.4185, 0.3837,  ..., 0.3865, 0.4098, 0.4541],
          ...,
          [0.5255, 0.5260, 0.4344,  ..., 0.3159, 0.4195, 0.4091],
          [0.4328, 0.4230, 0.3772,  ..., 0.3598, 0.3489, 0.2935],
          [0.3915, 0.3637, 0.2597,  ..., 0.3555, 0.2851, 0.1767]]]],
       grad_fn=<SigmoidBackward0>), tensor([[[[0.3367, 0.3480, 0.3596,  ..., 0.3234, 0.3364, 0.3801],
          [0.3204, 0.3210, 0.3239,  ..., 0.2958, 0.3250, 0.3737],
          [0.3058, 0.3017, 0.2879,  ..., 0.2712, 0.3064, 0.3646],
          ...,
          [0.2747, 0.3015, 0.3885,  ..., 0.2736, 0.3417, 0.3122],
          [0.1694, 0.4066, 0.4668,  ..., 0.3961, 0.3147, 0.3030],
          [0.4117, 0.2844, 0.3408,  ..., 0.3165, 0.3622, 0.3516]]]],
       grad_fn=<SigmoidBackward0>), tensor([[[[0.4195, 0.4282, 0.4278,  ..., 0.4237, 0.4332, 0.4433],
          [0.3989, 0.4155, 0.4070,  ..., 0.4051, 0.4188, 0.4327],
          [0.4019, 0.4151, 0.4118,  ..., 0.4090, 0.4110, 0.4260],
          ...,
          [0.3586, 0.4071, 0.4063,  ..., 0.3963, 0.4010, 0.4084],
          [0.4002, 0.3902, 0.4029,  ..., 0.3993, 0.3957, 0.4053],
          [0.4342, 0.4080, 0.4100,  ..., 0.3983, 0.3846, 0.4117]]]],
       grad_fn=<SigmoidBackward0>)]