[tensor([[[[0.5115, 0.5395, 0.5253,  ..., 0.5174, 0.5156, 0.5135],
          [0.5107, 0.5548, 0.5234,  ..., 0.5173, 0.5232, 0.5064],
          [0.5441, 0.5615, 0.5173,  ..., 0.5044, 0.5045, 0.4887],
          ...,
          [0.5060, 0.4761, 0.4140,  ..., 0.4586, 0.4043, 0.4068],
          [0.6907, 0.6473, 0.5139,  ..., 0.4958, 0.5552, 0.5348],
          [0.7122, 0.6044, 0.3242,  ..., 0.4550, 0.5100, 0.4766]]]],
       grad_fn=<SigmoidBackward0>), tensor([[[[0.4437, 0.4030, 0.3795,  ..., 0.3820, 0.3933, 0.4099],
          [0.4471, 0.4022, 0.3777,  ..., 0.3759, 0.3858, 0.4047],
          [0.4417, 0.3939, 0.3636,  ..., 0.3665, 0.3715, 0.3981],
          ...,
          [0.4723, 0.4747, 0.3837,  ..., 0.4065, 0.3912, 0.4035],
          [0.3551, 0.3892, 0.3749,  ..., 0.3703, 0.3334, 0.1834],
          [0.3152, 0.2925, 0.2273,  ..., 0.2629, 0.1809, 0.0679]]]],
       grad_fn=<SigmoidBackward0>), tensor([[[[0.3290, 0.3517, 0.3524,  ..., 0.3420, 0.3391, 0.3354],
          [0.3059, 0.3531, 0.3674,  ..., 0.3598, 0.3677, 0.3670],
          [0.2885, 0.3251, 0.3499,  ..., 0.3572, 0.3638, 0.3866],
          ...,
          [0.3791, 0.4105, 0.3724,  ..., 0.3938, 0.3467, 0.3833],
          [0.1841, 0.4345, 0.5122,  ..., 0.5245, 0.3584, 0.3396],
          [0.3194, 0.2010, 0.2757,  ..., 0.2741, 0.1173, 0.1998]]]],
       grad_fn=<SigmoidBackward0>), tensor([[[[0.4093, 0.3767, 0.3697,  ..., 0.3512, 0.3471, 0.3510],
          [0.3695, 0.3533, 0.3646,  ..., 0.3500, 0.3565, 0.3723],
          [0.3587, 0.3521, 0.3765,  ..., 0.3610, 0.3622, 0.3791],
          ...,
          [0.3093, 0.3424, 0.3535,  ..., 0.3660, 0.3715, 0.3879],
          [0.3181, 0.3018, 0.3381,  ..., 0.3621, 0.3261, 0.3654],
          [0.2959, 0.3123, 0.3232,  ..., 0.3593, 0.2719, 0.2915]]]],
       grad_fn=<SigmoidBackward0>)]