[tensor([[[[0.7505, 0.6298, 0.5200,  ..., 0.5286, 0.4900, 0.5051],
          [0.6616, 0.7337, 0.6009,  ..., 0.5818, 0.5871, 0.5638],
          [0.6625, 0.7031, 0.5869,  ..., 0.5733, 0.5400, 0.5423],
          ...,
          [0.4890, 0.4977, 0.5148,  ..., 0.4953, 0.4928, 0.4819],
          [0.5202, 0.5145, 0.5283,  ..., 0.5087, 0.5058, 0.4876],
          [0.5433, 0.5647, 0.5570,  ..., 0.5396, 0.5186, 0.5050]]]],
       grad_fn=<SigmoidBackward0>), tensor([[[[0.6550, 0.5503, 0.4902,  ..., 0.3975, 0.4192, 0.4669],
          [0.6550, 0.6963, 0.5381,  ..., 0.4651, 0.4886, 0.5179],
          [0.6017, 0.5838, 0.4356,  ..., 0.4109, 0.4092, 0.4526],
          ...,
          [0.4244, 0.3917, 0.4262,  ..., 0.4406, 0.4447, 0.4369],
          [0.4334, 0.3991, 0.4261,  ..., 0.4263, 0.4267, 0.4351],
          [0.4479, 0.4279, 0.4482,  ..., 0.4412, 0.4442, 0.4541]]]],
       grad_fn=<SigmoidBackward0>), tensor([[[[0.5445, 0.4704, 0.4713,  ..., 0.5441, 0.5503, 0.5459],
          [0.5537, 0.4050, 0.5191,  ..., 0.5017, 0.5324, 0.5626],
          [0.4924, 0.4296, 0.5707,  ..., 0.5078, 0.5232, 0.5772],
          ...,
          [0.4607, 0.4232, 0.4364,  ..., 0.4370, 0.4111, 0.3847],
          [0.4393, 0.3976, 0.4194,  ..., 0.4148, 0.3946, 0.3685],
          [0.4091, 0.3742, 0.3975,  ..., 0.4078, 0.3911, 0.3754]]]],
       grad_fn=<SigmoidBackward0>), tensor([[[[0.5096, 0.5039, 0.4653,  ..., 0.4958, 0.5136, 0.5332],
          [0.5184, 0.5346, 0.5134,  ..., 0.5235, 0.5189, 0.5581],
          [0.5099, 0.5128, 0.5240,  ..., 0.5097, 0.5077, 0.5508],
          ...,
          [0.4832, 0.4623, 0.4984,  ..., 0.5378, 0.5319, 0.5390],
          [0.4858, 0.4731, 0.5112,  ..., 0.5370, 0.5295, 0.5432],
          [0.5040, 0.5060, 0.5420,  ..., 0.5516, 0.5582, 0.5601]]]],
       grad_fn=<SigmoidBackward0>)]