[tensor([[[[0.7689, 0.5142, 0.3826,  ..., 0.4616, 0.4845, 0.4690],
          [0.7740, 0.5909, 0.4441,  ..., 0.4461, 0.4402, 0.4176],
          [0.7800, 0.6557, 0.5113,  ..., 0.4192, 0.3831, 0.3694],
          ...,
          [0.5489, 0.5684, 0.5151,  ..., 0.4873, 0.4769, 0.4706],
          [0.5531, 0.5685, 0.5217,  ..., 0.5068, 0.5034, 0.5004],
          [0.5645, 0.5658, 0.5334,  ..., 0.5143, 0.5198, 0.5051]]]],
       grad_fn=<SigmoidBackward0>), tensor([[[[0.6809, 0.5556, 0.4166,  ..., 0.4243, 0.4402, 0.4311],
          [0.5955, 0.6512, 0.4439,  ..., 0.4342, 0.4721, 0.4289],
          [0.5675, 0.6368, 0.4273,  ..., 0.4146, 0.4442, 0.3780],
          ...,
          [0.4608, 0.4272, 0.4022,  ..., 0.4032, 0.4158, 0.4442],
          [0.4694, 0.4384, 0.4165,  ..., 0.4270, 0.4390, 0.4532],
          [0.4879, 0.4831, 0.4597,  ..., 0.4821, 0.4867, 0.4902]]]],
       grad_fn=<SigmoidBackward0>), tensor([[[[0.2455, 0.2640, 0.4253,  ..., 0.2676, 0.2931, 0.3560],
          [0.2242, 0.2467, 0.4266,  ..., 0.2895, 0.3186, 0.3975],
          [0.2561, 0.2221, 0.3735,  ..., 0.2641, 0.3690, 0.4610],
          ...,
          [0.3454, 0.3606, 0.3703,  ..., 0.3679, 0.3698, 0.3823],
          [0.3360, 0.3630, 0.3467,  ..., 0.3732, 0.3792, 0.4081],
          [0.3330, 0.3488, 0.3403,  ..., 0.3725, 0.3798, 0.3962]]]],
       grad_fn=<SigmoidBackward0>), tensor([[[[0.3109, 0.3020, 0.3364,  ..., 0.3594, 0.3562, 0.3736],
          [0.3169, 0.3267, 0.3348,  ..., 0.3668, 0.3703, 0.3778],
          [0.3355, 0.3161, 0.3562,  ..., 0.3789, 0.3752, 0.4041],
          ...,
          [0.4011, 0.3954, 0.4315,  ..., 0.4204, 0.4145, 0.4323],
          [0.3989, 0.3887, 0.4153,  ..., 0.4252, 0.4179, 0.4475],
          [0.4236, 0.4286, 0.4445,  ..., 0.4582, 0.4608, 0.4850]]]],
       grad_fn=<SigmoidBackward0>)]