[tensor([[[[0.4502, 0.5224, 0.5204,  ..., 0.5511, 0.5380, 0.4814],
          [0.5307, 0.4246, 0.4014,  ..., 0.4787, 0.4495, 0.3484],
          [0.5206, 0.4582, 0.4241,  ..., 0.4649, 0.4138, 0.4750],
          ...,
          [0.6585, 0.6958, 0.6160,  ..., 0.4207, 0.4708, 0.4557],
          [0.5844, 0.7249, 0.5744,  ..., 0.4422, 0.4546, 0.3786],
          [0.5224, 0.6451, 0.5049,  ..., 0.4605, 0.4035, 0.3904]]]],
       grad_fn=<SigmoidBackward0>), tensor([[[[0.5067, 0.4000, 0.3959,  ..., 0.3693, 0.4171, 0.2721],
          [0.4056, 0.3593, 0.3370,  ..., 0.3618, 0.2817, 0.1473],
          [0.3766, 0.4039, 0.3605,  ..., 0.3957, 0.3168, 0.2180],
          ...,
          [0.6798, 0.4696, 0.4995,  ..., 0.3056, 0.3333, 0.3381],
          [0.6545, 0.5181, 0.5299,  ..., 0.3783, 0.4085, 0.4204],
          [0.5558, 0.4422, 0.5052,  ..., 0.3862, 0.4486, 0.4221]]]],
       grad_fn=<SigmoidBackward0>), tensor([[[[0.3507, 0.3392, 0.3402,  ..., 0.3460, 0.3585, 0.3976],
          [0.3088, 0.3103, 0.2832,  ..., 0.4004, 0.3565, 0.2739],
          [0.3459, 0.3148, 0.3059,  ..., 0.3480, 0.3148, 0.4719],
          ...,
          [0.4832, 0.5455, 0.4308,  ..., 0.3058, 0.3175, 0.2293],
          [0.4464, 0.5450, 0.4951,  ..., 0.2963, 0.2837, 0.2685],
          [0.4618, 0.4832, 0.4602,  ..., 0.3487, 0.3484, 0.3324]]]],
       grad_fn=<SigmoidBackward0>), tensor([[[[0.3502, 0.3599, 0.3614,  ..., 0.4204, 0.4283, 0.4470],
          [0.3322, 0.3105, 0.3000,  ..., 0.4197, 0.4192, 0.4465],
          [0.3411, 0.3274, 0.3206,  ..., 0.4258, 0.4160, 0.4502],
          ...,
          [0.2820, 0.2249, 0.3018,  ..., 0.3707, 0.3477, 0.4038],
          [0.3437, 0.2732, 0.3400,  ..., 0.3517, 0.3355, 0.3795],
          [0.3938, 0.3479, 0.4028,  ..., 0.3751, 0.3691, 0.4003]]]],
       grad_fn=<SigmoidBackward0>)]