[tensor([[[[0.7611, 0.4669, 0.4037,  ..., 0.6315, 0.6023, 0.5949],
          [0.7311, 0.6415, 0.4251,  ..., 0.6173, 0.6098, 0.5947],
          [0.7730, 0.6927, 0.4586,  ..., 0.5834, 0.5670, 0.5818],
          ...,
          [0.9182, 0.7935, 0.4922,  ..., 0.5887, 0.5355, 0.5141],
          [0.9771, 0.8611, 0.6017,  ..., 0.5452, 0.5410, 0.5475],
          [0.9868, 0.9909, 0.7237,  ..., 0.5779, 0.5805, 0.5560]]]],
       grad_fn=<SigmoidBackward0>), tensor([[[[0.6738, 0.4528, 0.3858,  ..., 0.4703, 0.4539, 0.4540],
          [0.5721, 0.5351, 0.4364,  ..., 0.4667, 0.4290, 0.4709],
          [0.5946, 0.5639, 0.3899,  ..., 0.4122, 0.4099, 0.4577],
          ...,
          [0.5344, 0.4827, 0.3894,  ..., 0.4178, 0.4795, 0.5052],
          [0.6811, 0.3803, 0.3309,  ..., 0.4688, 0.4692, 0.4980],
          [0.5339, 0.4625, 0.3752,  ..., 0.4920, 0.4878, 0.4939]]]],
       grad_fn=<SigmoidBackward0>), tensor([[[[0.2874, 0.2550, 0.3492,  ..., 0.4111, 0.4651, 0.4906],
          [0.3251, 0.2155, 0.3956,  ..., 0.4400, 0.5589, 0.5489],
          [0.3781, 0.2543, 0.3790,  ..., 0.4447, 0.5087, 0.5412],
          ...,
          [0.4060, 0.2671, 0.4370,  ..., 0.4286, 0.4764, 0.4969],
          [0.2812, 0.4816, 0.5000,  ..., 0.4760, 0.4610, 0.4904],
          [0.4468, 0.1426, 0.0967,  ..., 0.4870, 0.4991, 0.5154]]]],
       grad_fn=<SigmoidBackward0>), tensor([[[[0.3386, 0.3138, 0.3527,  ..., 0.4879, 0.4648, 0.4366],
          [0.3391, 0.3468, 0.3465,  ..., 0.5083, 0.4423, 0.4044],
          [0.3741, 0.3762, 0.4022,  ..., 0.5016, 0.4682, 0.4424],
          ...,
          [0.2637, 0.2934, 0.4509,  ..., 0.5238, 0.4782, 0.4886],
          [0.3407, 0.2506, 0.4417,  ..., 0.4850, 0.4788, 0.4911],
          [0.3825, 0.3475, 0.4299,  ..., 0.4997, 0.4932, 0.5123]]]],
       grad_fn=<SigmoidBackward0>)]