[tensor([[[[0.4756, 0.4646, 0.4423,  ..., 0.4415, 0.4459, 0.4451],
          [0.4664, 0.4585, 0.4159,  ..., 0.4414, 0.4521, 0.4217],
          [0.4631, 0.4401, 0.3831,  ..., 0.4274, 0.4384, 0.4123],
          ...,
          [0.4514, 0.4398, 0.3946,  ..., 0.4412, 0.4541, 0.4151],
          [0.4554, 0.4529, 0.4091,  ..., 0.4907, 0.5108, 0.3838],
          [0.4681, 0.4778, 0.4490,  ..., 0.4253, 0.4536, 0.3116]]]],
       grad_fn=<SigmoidBackward0>), tensor([[[[0.4214, 0.3959, 0.3791,  ..., 0.3602, 0.3641, 0.3805],
          [0.4091, 0.3745, 0.3508,  ..., 0.3530, 0.3663, 0.3766],
          [0.4075, 0.3593, 0.3290,  ..., 0.3529, 0.3607, 0.3581],
          ...,
          [0.3998, 0.3424, 0.3099,  ..., 0.3122, 0.3532, 0.3460],
          [0.4101, 0.3662, 0.3389,  ..., 0.3411, 0.3151, 0.2477],
          [0.4387, 0.4306, 0.4099,  ..., 0.3224, 0.3416, 0.2019]]]],
       grad_fn=<SigmoidBackward0>), tensor([[[[0.3132, 0.2965, 0.2922,  ..., 0.2901, 0.3056, 0.3104],
          [0.2844, 0.2640, 0.2593,  ..., 0.2608, 0.2805, 0.3068],
          [0.2640, 0.2386, 0.2317,  ..., 0.2658, 0.3077, 0.3189],
          ...,
          [0.2541, 0.2233, 0.2175,  ..., 0.2618, 0.2826, 0.3173],
          [0.2796, 0.2574, 0.2440,  ..., 0.3067, 0.2442, 0.2545],
          [0.3084, 0.3032, 0.2891,  ..., 0.2436, 0.2884, 0.2446]]]],
       grad_fn=<SigmoidBackward0>), tensor([[[[0.3494, 0.3436, 0.3399,  ..., 0.3178, 0.3187, 0.3230],
          [0.3280, 0.3344, 0.3371,  ..., 0.3153, 0.3182, 0.3323],
          [0.3345, 0.3425, 0.3534,  ..., 0.3072, 0.3139, 0.3342],
          ...,
          [0.3241, 0.3383, 0.3456,  ..., 0.3513, 0.3596, 0.3676],
          [0.3227, 0.3473, 0.3519,  ..., 0.3542, 0.3695, 0.3929],
          [0.3362, 0.3618, 0.3781,  ..., 0.3674, 0.3723, 0.4018]]]],
       grad_fn=<SigmoidBackward0>)]