[tensor([[[[0.3944, 0.5584, 0.5357,  ..., 0.5407, 0.6663, 0.8003],
          [0.5024, 0.4775, 0.4145,  ..., 0.5563, 0.6313, 0.6482],
          [0.6617, 0.6090, 0.4390,  ..., 0.4439, 0.4938, 0.4576],
          ...,
          [0.7434, 0.6194, 0.5474,  ..., 0.4210, 0.5320, 0.4603],
          [0.7431, 0.6192, 0.5721,  ..., 0.5065, 0.5241, 0.5111],
          [0.7514, 0.6928, 0.6469,  ..., 0.5944, 0.5225, 0.4882]]]],
       grad_fn=<SigmoidBackward0>), tensor([[[[0.6274, 0.6172, 0.5895,  ..., 0.4502, 0.6750, 0.5005],
          [0.5467, 0.5464, 0.4848,  ..., 0.3378, 0.3699, 0.3067],
          [0.4536, 0.5017, 0.4747,  ..., 0.3955, 0.4826, 0.3961],
          ...,
          [0.5898, 0.6520, 0.5434,  ..., 0.3111, 0.4094, 0.3436],
          [0.6379, 0.6827, 0.5738,  ..., 0.3793, 0.4843, 0.3805],
          [0.6746, 0.6818, 0.6070,  ..., 0.3760, 0.4911, 0.3545]]]],
       grad_fn=<SigmoidBackward0>), tensor([[[[0.3174, 0.2016, 0.2497,  ..., 0.3395, 0.3183, 0.2574],
          [0.3728, 0.3684, 0.4099,  ..., 0.4124, 0.3704, 0.2135],
          [0.4107, 0.3501, 0.4313,  ..., 0.3883, 0.5263, 0.3218],
          ...,
          [0.4152, 0.2875, 0.3040,  ..., 0.3770, 0.3667, 0.1876],
          [0.3964, 0.2811, 0.3043,  ..., 0.4435, 0.3350, 0.2114],
          [0.4864, 0.3682, 0.3459,  ..., 0.3830, 0.3911, 0.2705]]]],
       grad_fn=<SigmoidBackward0>), tensor([[[[0.4529, 0.4233, 0.4256,  ..., 0.4981, 0.5186, 0.4797],
          [0.3924, 0.3754, 0.3833,  ..., 0.4873, 0.4900, 0.4614],
          [0.3734, 0.3746, 0.3686,  ..., 0.4880, 0.4990, 0.4651],
          ...,
          [0.3960, 0.4044, 0.4284,  ..., 0.4180, 0.3884, 0.3775],
          [0.4135, 0.4155, 0.4326,  ..., 0.4327, 0.3806, 0.3687],
          [0.4587, 0.4486, 0.4677,  ..., 0.4614, 0.4247, 0.3623]]]],
       grad_fn=<SigmoidBackward0>)]