[tensor([[[[0.4037, 0.4201, 0.4404,  ..., 0.5391, 0.4937, 0.4815],
          [0.4721, 0.4792, 0.4985,  ..., 0.5659, 0.5677, 0.5282],
          [0.4995, 0.5118, 0.5277,  ..., 0.5989, 0.5420, 0.5013],
          ...,
          [0.4381, 0.4578, 0.4622,  ..., 0.7866, 0.6976, 0.7033],
          [0.4584, 0.4638, 0.4753,  ..., 0.6569, 0.7471, 0.8144],
          [0.4653, 0.5076, 0.5049,  ..., 0.8470, 0.8669, 0.8967]]]],
       grad_fn=<SigmoidBackward0>), tensor([[[[0.4721, 0.4264, 0.4223,  ..., 0.4844, 0.4688, 0.4545],
          [0.4686, 0.4652, 0.4907,  ..., 0.5005, 0.4717, 0.4707],
          [0.4711, 0.4797, 0.5151,  ..., 0.4045, 0.4068, 0.4192],
          ...,
          [0.4658, 0.4586, 0.4797,  ..., 0.3631, 0.3333, 0.3356],
          [0.4892, 0.4832, 0.5111,  ..., 0.2606, 0.3543, 0.6650],
          [0.5106, 0.5183, 0.5405,  ..., 0.4093, 0.3784, 0.5579]]]],
       grad_fn=<SigmoidBackward0>), tensor([[[[0.3976, 0.3636, 0.3619,  ..., 0.5445, 0.5540, 0.5647],
          [0.3862, 0.3494, 0.3759,  ..., 0.5471, 0.5770, 0.6052],
          [0.3742, 0.3599, 0.4047,  ..., 0.4866, 0.5524, 0.6404],
          ...,
          [0.4164, 0.3480, 0.3712,  ..., 0.5367, 0.4002, 0.3994],
          [0.4250, 0.3597, 0.3770,  ..., 0.6755, 0.7609, 0.6307],
          [0.4012, 0.3581, 0.3749,  ..., 0.4801, 0.7236, 0.6519]]]],
       grad_fn=<SigmoidBackward0>), tensor([[[[0.6327, 0.6131, 0.5817,  ..., 0.5304, 0.5831, 0.5614],
          [0.5791, 0.5444, 0.5392,  ..., 0.5134, 0.5605, 0.5432],
          [0.5287, 0.4829, 0.5282,  ..., 0.5083, 0.5338, 0.5262],
          ...,
          [0.5877, 0.5890, 0.6350,  ..., 0.3987, 0.4503, 0.3475],
          [0.6019, 0.5582, 0.6202,  ..., 0.4276, 0.4370, 0.3951],
          [0.5912, 0.5015, 0.5537,  ..., 0.4167, 0.4609, 0.4421]]]],
       grad_fn=<SigmoidBackward0>)]