[tensor([[[[0.4677, 0.4618, 0.4563,  ..., 0.4478, 0.4594, 0.4810],
          [0.4661, 0.4468, 0.4371,  ..., 0.4287, 0.4462, 0.4725],
          [0.4651, 0.4383, 0.4275,  ..., 0.4153, 0.4299, 0.4588],
          ...,
          [0.5210, 0.5172, 0.4843,  ..., 0.4906, 0.4844, 0.4912],
          [0.6022, 0.6062, 0.4971,  ..., 0.5012, 0.5111, 0.4751],
          [0.5645, 0.5524, 0.4535,  ..., 0.4414, 0.4724, 0.4480]]]],
       grad_fn=<SigmoidBackward0>), tensor([[[[0.3750, 0.3538, 0.3385,  ..., 0.3429, 0.3467, 0.3588],
          [0.3793, 0.3551, 0.3347,  ..., 0.3383, 0.3423, 0.3471],
          [0.3847, 0.3523, 0.3247,  ..., 0.3230, 0.3292, 0.3316],
          ...,
          [0.4544, 0.4290, 0.4156,  ..., 0.4367, 0.4212, 0.4123],
          [0.4415, 0.4246, 0.4120,  ..., 0.4223, 0.4090, 0.3155],
          [0.3545, 0.4173, 0.4012,  ..., 0.3616, 0.3298, 0.2413]]]],
       grad_fn=<SigmoidBackward0>), tensor([[[[0.3339, 0.3163, 0.3034,  ..., 0.2771, 0.2816, 0.2933],
          [0.3045, 0.2932, 0.2892,  ..., 0.2669, 0.2682, 0.2833],
          [0.2959, 0.2888, 0.2884,  ..., 0.2625, 0.2631, 0.2758],
          ...,
          [0.3779, 0.2951, 0.3711,  ..., 0.3466, 0.3875, 0.4411],
          [0.3523, 0.4193, 0.4382,  ..., 0.4252, 0.4503, 0.4255],
          [0.5003, 0.3869, 0.3214,  ..., 0.3259, 0.3343, 0.3983]]]],
       grad_fn=<SigmoidBackward0>), tensor([[[[0.3469, 0.3136, 0.3100,  ..., 0.3153, 0.3182, 0.3274],
          [0.3192, 0.3000, 0.3071,  ..., 0.3142, 0.3170, 0.3358],
          [0.3105, 0.2900, 0.3036,  ..., 0.3109, 0.3171, 0.3411],
          ...,
          [0.3117, 0.3130, 0.3265,  ..., 0.3602, 0.3537, 0.3689],
          [0.3542, 0.3554, 0.3521,  ..., 0.3793, 0.3713, 0.3884],
          [0.3709, 0.3718, 0.3578,  ..., 0.3687, 0.3646, 0.3845]]]],
       grad_fn=<SigmoidBackward0>)]