[tensor([[[[0.4778, 0.4701, 0.4462,  ..., 0.4490, 0.4559, 0.4675],
          [0.4679, 0.4878, 0.4445,  ..., 0.4635, 0.4666, 0.4703],
          [0.4767, 0.4513, 0.4280,  ..., 0.4661, 0.4629, 0.4644],
          ...,
          [0.4928, 0.4494, 0.4393,  ..., 0.4480, 0.4526, 0.4643],
          [0.4885, 0.4803, 0.4614,  ..., 0.4383, 0.4413, 0.4484],
          [0.4932, 0.4456, 0.4396,  ..., 0.4451, 0.4411, 0.4489]]]],
       grad_fn=<SigmoidBackward0>), tensor([[[[0.4734, 0.4176, 0.4167,  ..., 0.3444, 0.3471, 0.3582],
          [0.4715, 0.3953, 0.4016,  ..., 0.3276, 0.3350, 0.3518],
          [0.4498, 0.3911, 0.3794,  ..., 0.3230, 0.3286, 0.3488],
          ...,
          [0.4531, 0.4013, 0.4012,  ..., 0.3385, 0.3409, 0.3543],
          [0.4278, 0.4163, 0.3990,  ..., 0.3503, 0.3554, 0.3703],
          [0.4386, 0.4423, 0.4343,  ..., 0.3785, 0.3838, 0.3987]]]],
       grad_fn=<SigmoidBackward0>), tensor([[[[0.3537, 0.3315, 0.3694,  ..., 0.2938, 0.2988, 0.2936],
          [0.3585, 0.3254, 0.3295,  ..., 0.2768, 0.2887, 0.2882],
          [0.3692, 0.3318, 0.3279,  ..., 0.2708, 0.2886, 0.2954],
          ...,
          [0.3857, 0.3444, 0.3298,  ..., 0.2695, 0.2829, 0.2846],
          [0.4553, 0.4518, 0.4371,  ..., 0.2772, 0.2849, 0.2808],
          [0.3554, 0.3293, 0.3102,  ..., 0.2718, 0.2736, 0.2764]]]],
       grad_fn=<SigmoidBackward0>), tensor([[[[0.3655, 0.3691, 0.3738,  ..., 0.3223, 0.3390, 0.3624],
          [0.3434, 0.3416, 0.3364,  ..., 0.2991, 0.3143, 0.3381],
          [0.3457, 0.3435, 0.3422,  ..., 0.3125, 0.3326, 0.3513],
          ...,
          [0.3365, 0.3422, 0.3398,  ..., 0.3236, 0.3369, 0.3505],
          [0.3515, 0.3547, 0.3545,  ..., 0.3346, 0.3428, 0.3523],
          [0.3617, 0.3576, 0.3625,  ..., 0.3555, 0.3620, 0.3680]]]],
       grad_fn=<SigmoidBackward0>)]