[tensor([[[[0.5966, 0.5125, 0.3997,  ..., 0.4482, 0.4274, 0.4488],
          [0.6523, 0.6344, 0.4599,  ..., 0.4776, 0.4610, 0.4448],
          [0.6903, 0.6313, 0.4629,  ..., 0.4856, 0.3948, 0.4130],
          ...,
          [0.5111, 0.5062, 0.5190,  ..., 0.5372, 0.5341, 0.5503],
          [0.5194, 0.5124, 0.5167,  ..., 0.5327, 0.5384, 0.5527],
          [0.5516, 0.5493, 0.5400,  ..., 0.5480, 0.5558, 0.5565]]]],
       grad_fn=<SigmoidBackward0>), tensor([[[[0.5672, 0.5201, 0.4300,  ..., 0.4624, 0.4549, 0.4726],
          [0.6096, 0.6072, 0.4779,  ..., 0.4374, 0.4608, 0.4471],
          [0.5996, 0.5775, 0.4440,  ..., 0.4216, 0.4100, 0.3934],
          ...,
          [0.4902, 0.4483, 0.3967,  ..., 0.3911, 0.3989, 0.4113],
          [0.4641, 0.4261, 0.3920,  ..., 0.3764, 0.3886, 0.4214],
          [0.4488, 0.4277, 0.4069,  ..., 0.3967, 0.4120, 0.4334]]]],
       grad_fn=<SigmoidBackward0>), tensor([[[[0.3084, 0.3069, 0.4551,  ..., 0.4405, 0.4208, 0.4137],
          [0.3249, 0.2783, 0.4705,  ..., 0.4243, 0.4094, 0.4714],
          [0.3113, 0.2540, 0.4297,  ..., 0.4288, 0.4321, 0.5004],
          ...,
          [0.3605, 0.3860, 0.4217,  ..., 0.3695, 0.3610, 0.3669],
          [0.3768, 0.3985, 0.4346,  ..., 0.4033, 0.3930, 0.3874],
          [0.4173, 0.4517, 0.4845,  ..., 0.4849, 0.4678, 0.4449]]]],
       grad_fn=<SigmoidBackward0>), tensor([[[[0.3789, 0.3719, 0.4061,  ..., 0.4132, 0.4308, 0.4472],
          [0.3920, 0.4003, 0.4175,  ..., 0.4133, 0.4280, 0.4389],
          [0.3976, 0.4084, 0.4273,  ..., 0.4194, 0.4240, 0.4451],
          ...,
          [0.4453, 0.4368, 0.4497,  ..., 0.4566, 0.4581, 0.4731],
          [0.4475, 0.4490, 0.4667,  ..., 0.4687, 0.4681, 0.4777],
          [0.4520, 0.4674, 0.4864,  ..., 0.4870, 0.4888, 0.4956]]]],
       grad_fn=<SigmoidBackward0>)]