[tensor([[[[0.4886, 0.5048, 0.4926,  ..., 0.4287, 0.4501, 0.4392],
          [0.4808, 0.5049, 0.4680,  ..., 0.3952, 0.4155, 0.3644],
          [0.4936, 0.4953, 0.4497,  ..., 0.4336, 0.3771, 0.3319],
          ...,
          [0.4831, 0.4910, 0.4439,  ..., 0.4477, 0.3736, 0.3444],
          [0.4791, 0.4898, 0.4541,  ..., 0.4590, 0.4141, 0.3077],
          [0.4916, 0.4872, 0.4597,  ..., 0.4383, 0.3181, 0.2428]]]],
       grad_fn=<SigmoidBackward0>), tensor([[[[0.3928, 0.3464, 0.3212,  ..., 0.3599, 0.3736, 0.3812],
          [0.3899, 0.3428, 0.3157,  ..., 0.3641, 0.3911, 0.3757],
          [0.3878, 0.3392, 0.3117,  ..., 0.3550, 0.3752, 0.3842],
          ...,
          [0.3885, 0.3417, 0.3108,  ..., 0.3857, 0.3849, 0.3566],
          [0.3899, 0.3509, 0.3271,  ..., 0.3826, 0.3249, 0.2012],
          [0.4227, 0.4101, 0.3858,  ..., 0.3361, 0.2782, 0.1126]]]],
       grad_fn=<SigmoidBackward0>), tensor([[[[0.3172, 0.3220, 0.3251,  ..., 0.2626, 0.2797, 0.2834],
          [0.2845, 0.2957, 0.2969,  ..., 0.2421, 0.2602, 0.2630],
          [0.2623, 0.2606, 0.2665,  ..., 0.2197, 0.2342, 0.2392],
          ...,
          [0.2748, 0.2692, 0.2703,  ..., 0.4011, 0.4076, 0.4085],
          [0.2857, 0.2834, 0.2865,  ..., 0.4234, 0.3780, 0.3890],
          [0.3004, 0.3033, 0.3049,  ..., 0.2169, 0.1536, 0.2328]]]],
       grad_fn=<SigmoidBackward0>), tensor([[[[0.3393, 0.3083, 0.3006,  ..., 0.2615, 0.2852, 0.3122],
          [0.2917, 0.2859, 0.2955,  ..., 0.2607, 0.2884, 0.3024],
          [0.2753, 0.2734, 0.2963,  ..., 0.2681, 0.3039, 0.3196],
          ...,
          [0.2665, 0.2678, 0.2922,  ..., 0.3249, 0.3101, 0.2961],
          [0.2788, 0.2821, 0.3054,  ..., 0.3340, 0.3057, 0.3283],
          [0.2978, 0.3066, 0.3290,  ..., 0.3251, 0.2780, 0.2769]]]],
       grad_fn=<SigmoidBackward0>)]