[tensor([[[[0.5073, 0.4986, 0.4633,  ..., 0.5145, 0.4985, 0.5089],
          [0.4662, 0.5523, 0.4742,  ..., 0.5254, 0.5339, 0.5178],
          [0.4865, 0.4839, 0.4544,  ..., 0.5168, 0.4893, 0.4954],
          ...,
          [0.4757, 0.4735, 0.4891,  ..., 0.5055, 0.5083, 0.5251],
          [0.4746, 0.4719, 0.4884,  ..., 0.4941, 0.4947, 0.5060],
          [0.4847, 0.4973, 0.4987,  ..., 0.4977, 0.4886, 0.5045]]]],
       grad_fn=<SigmoidBackward0>), tensor([[[[0.4986, 0.4361, 0.4735,  ..., 0.4651, 0.4620, 0.4662],
          [0.5742, 0.5109, 0.5037,  ..., 0.4558, 0.4680, 0.4354],
          [0.5970, 0.4707, 0.4344,  ..., 0.3931, 0.3903, 0.3884],
          ...,
          [0.4818, 0.4070, 0.3868,  ..., 0.4131, 0.4213, 0.4275],
          [0.5010, 0.4276, 0.4097,  ..., 0.4240, 0.4297, 0.4444],
          [0.5080, 0.4617, 0.4522,  ..., 0.4656, 0.4737, 0.4846]]]],
       grad_fn=<SigmoidBackward0>), tensor([[[[0.2862, 0.3049, 0.4429,  ..., 0.3846, 0.4102, 0.4362],
          [0.3979, 0.3054, 0.4595,  ..., 0.4277, 0.4540, 0.5527],
          [0.4138, 0.3362, 0.4782,  ..., 0.4688, 0.4680, 0.5979],
          ...,
          [0.3363, 0.3293, 0.3382,  ..., 0.3296, 0.3288, 0.3181],
          [0.3365, 0.3347, 0.3433,  ..., 0.3402, 0.3377, 0.3169],
          [0.3388, 0.3345, 0.3397,  ..., 0.3417, 0.3376, 0.3182]]]],
       grad_fn=<SigmoidBackward0>), tensor([[[[0.4350, 0.4238, 0.4502,  ..., 0.4313, 0.4458, 0.4616],
          [0.4341, 0.4295, 0.4176,  ..., 0.4047, 0.4105, 0.4480],
          [0.4268, 0.4298, 0.4321,  ..., 0.4171, 0.4176, 0.4627],
          ...,
          [0.3706, 0.3368, 0.3542,  ..., 0.3579, 0.3794, 0.3829],
          [0.3829, 0.3490, 0.3591,  ..., 0.3663, 0.3810, 0.3875],
          [0.3986, 0.3749, 0.3816,  ..., 0.3813, 0.3896, 0.4008]]]],
       grad_fn=<SigmoidBackward0>)]