[tensor([[[[0.4742, 0.4676, 0.4279,  ..., 0.4501, 0.4100, 0.4246],
          [0.5286, 0.4954, 0.4794,  ..., 0.4633, 0.4316, 0.4028],
          [0.5497, 0.5246, 0.4615,  ..., 0.4701, 0.3834, 0.3798],
          ...,
          [0.5002, 0.4778, 0.4817,  ..., 0.4776, 0.4768, 0.4897],
          [0.5128, 0.4952, 0.4966,  ..., 0.4910, 0.4945, 0.4993],
          [0.5294, 0.5261, 0.5255,  ..., 0.5206, 0.5228, 0.5237]]]],
       grad_fn=<SigmoidBackward0>), tensor([[[[0.5192, 0.4751, 0.4359,  ..., 0.4304, 0.4332, 0.4281],
          [0.5234, 0.5186, 0.4436,  ..., 0.4026, 0.4246, 0.4079],
          [0.5211, 0.5114, 0.4404,  ..., 0.3938, 0.4024, 0.3981],
          ...,
          [0.4107, 0.3740, 0.3288,  ..., 0.3329, 0.3411, 0.3461],
          [0.4098, 0.3801, 0.3460,  ..., 0.3460, 0.3471, 0.3573],
          [0.4054, 0.3975, 0.3768,  ..., 0.3648, 0.3710, 0.3757]]]],
       grad_fn=<SigmoidBackward0>), tensor([[[[0.3079, 0.3017, 0.4130,  ..., 0.3732, 0.3485, 0.3463],
          [0.3508, 0.3088, 0.3882,  ..., 0.3442, 0.3434, 0.3862],
          [0.3250, 0.2645, 0.3637,  ..., 0.3597, 0.3830, 0.4197],
          ...,
          [0.3000, 0.3062, 0.3156,  ..., 0.2859, 0.2865, 0.2898],
          [0.3079, 0.3118, 0.3202,  ..., 0.3036, 0.3055, 0.3115],
          [0.3252, 0.3406, 0.3513,  ..., 0.3475, 0.3455, 0.3556]]]],
       grad_fn=<SigmoidBackward0>), tensor([[[[0.3054, 0.3048, 0.3270,  ..., 0.3319, 0.3419, 0.3618],
          [0.3028, 0.3044, 0.3225,  ..., 0.3290, 0.3273, 0.3401],
          [0.2992, 0.3037, 0.3322,  ..., 0.3436, 0.3412, 0.3427],
          ...,
          [0.3339, 0.3191, 0.3337,  ..., 0.3411, 0.3435, 0.3649],
          [0.3415, 0.3289, 0.3412,  ..., 0.3475, 0.3479, 0.3701],
          [0.3605, 0.3575, 0.3671,  ..., 0.3679, 0.3704, 0.3893]]]],
       grad_fn=<SigmoidBackward0>)]