[tensor([[[[0.5263, 0.5435, 0.5272,  ..., 0.4463, 0.4722, 0.4625],
          [0.5249, 0.5529, 0.5148,  ..., 0.4187, 0.4457, 0.3971],
          [0.5419, 0.5494, 0.4900,  ..., 0.4363, 0.3974, 0.3658],
          ...,
          [0.5368, 0.5532, 0.4995,  ..., 0.4734, 0.4404, 0.4161],
          [0.5377, 0.5565, 0.5186,  ..., 0.5188, 0.5318, 0.4697],
          [0.5465, 0.5563, 0.5260,  ..., 0.4652, 0.4124, 0.3505]]]],
       grad_fn=<SigmoidBackward0>), tensor([[[[0.4233, 0.3902, 0.3686,  ..., 0.4462, 0.4551, 0.4615],
          [0.4226, 0.3860, 0.3668,  ..., 0.4395, 0.4679, 0.4495],
          [0.4188, 0.3826, 0.3646,  ..., 0.4293, 0.4516, 0.4346],
          ...,
          [0.4135, 0.3763, 0.3540,  ..., 0.4209, 0.4022, 0.3992],
          [0.4240, 0.3931, 0.3804,  ..., 0.3925, 0.3344, 0.2508],
          [0.4545, 0.4501, 0.4375,  ..., 0.3330, 0.2622, 0.1494]]]],
       grad_fn=<SigmoidBackward0>), tensor([[[[0.3149, 0.3332, 0.3351,  ..., 0.2614, 0.2789, 0.2997],
          [0.2968, 0.3385, 0.3475,  ..., 0.2590, 0.2884, 0.2906],
          [0.2940, 0.3255, 0.3495,  ..., 0.2356, 0.2859, 0.2938],
          ...,
          [0.3118, 0.3154, 0.3232,  ..., 0.3848, 0.3335, 0.3788],
          [0.3100, 0.3311, 0.3305,  ..., 0.4931, 0.3372, 0.3243],
          [0.2989, 0.3190, 0.3213,  ..., 0.3309, 0.2409, 0.3555]]]],
       grad_fn=<SigmoidBackward0>), tensor([[[[0.4028, 0.3784, 0.3711,  ..., 0.3154, 0.3329, 0.3645],
          [0.3702, 0.3507, 0.3561,  ..., 0.3067, 0.3355, 0.3482],
          [0.3509, 0.3393, 0.3563,  ..., 0.3130, 0.3418, 0.3617],
          ...,
          [0.3465, 0.3422, 0.3645,  ..., 0.3748, 0.3642, 0.3828],
          [0.3452, 0.3429, 0.3666,  ..., 0.3957, 0.3527, 0.3736],
          [0.3659, 0.3736, 0.3949,  ..., 0.4037, 0.3302, 0.3389]]]],
       grad_fn=<SigmoidBackward0>)]