[tensor([[[[0.5000, 0.4598, 0.4598,  ..., 0.4885, 0.5002, 0.4980],
          [0.4490, 0.4828, 0.4655,  ..., 0.4972, 0.5118, 0.4692],
          [0.4562, 0.4770, 0.4815,  ..., 0.4749, 0.5101, 0.4107],
          ...,
          [0.4812, 0.4863, 0.4300,  ..., 0.4146, 0.4172, 0.4369],
          [0.4864, 0.4938, 0.4420,  ..., 0.4396, 0.4428, 0.4522],
          [0.5053, 0.5185, 0.4884,  ..., 0.4745, 0.4754, 0.4669]]]],
       grad_fn=<SigmoidBackward0>), tensor([[[[0.5145, 0.4789, 0.4808,  ..., 0.3973, 0.4004, 0.4118],
          [0.4915, 0.4701, 0.4756,  ..., 0.3917, 0.4047, 0.4283],
          [0.4730, 0.4796, 0.4461,  ..., 0.3737, 0.4160, 0.4468],
          ...,
          [0.4325, 0.3653, 0.3342,  ..., 0.3152, 0.3612, 0.4233],
          [0.4336, 0.3838, 0.3548,  ..., 0.3450, 0.3754, 0.4229],
          [0.4566, 0.4465, 0.4287,  ..., 0.4164, 0.4282, 0.4509]]]],
       grad_fn=<SigmoidBackward0>), tensor([[[[0.3073, 0.3885, 0.3417,  ..., 0.2768, 0.2813, 0.2955],
          [0.3183, 0.4089, 0.3685,  ..., 0.2582, 0.2590, 0.2997],
          [0.2839, 0.3853, 0.3146,  ..., 0.2687, 0.3068, 0.3382],
          ...,
          [0.3040, 0.2851, 0.2668,  ..., 0.2504, 0.2832, 0.3460],
          [0.3340, 0.3226, 0.2939,  ..., 0.2877, 0.3099, 0.3551],
          [0.3535, 0.3426, 0.3302,  ..., 0.3074, 0.3234, 0.3548]]]],
       grad_fn=<SigmoidBackward0>), tensor([[[[0.3477, 0.3543, 0.3407,  ..., 0.3563, 0.3557, 0.3612],
          [0.3530, 0.3457, 0.3470,  ..., 0.3503, 0.3543, 0.3668],
          [0.3476, 0.3458, 0.3498,  ..., 0.3425, 0.3530, 0.3710],
          ...,
          [0.3773, 0.3926, 0.3829,  ..., 0.3849, 0.3964, 0.4173],
          [0.3741, 0.3970, 0.3974,  ..., 0.3913, 0.4013, 0.4210],
          [0.3864, 0.4084, 0.4197,  ..., 0.4177, 0.4230, 0.4348]]]],
       grad_fn=<SigmoidBackward0>)]