[tensor([[[[0.4908, 0.4881, 0.4899,  ..., 0.4750, 0.4844, 0.5016],
          [0.4961, 0.4872, 0.4840,  ..., 0.4755, 0.4862, 0.4963],
          [0.4936, 0.4771, 0.4747,  ..., 0.4724, 0.4756, 0.4852],
          ...,
          [0.6191, 0.5615, 0.4617,  ..., 0.4671, 0.4619, 0.4764],
          [0.6303, 0.6312, 0.4859,  ..., 0.4802, 0.4901, 0.4860],
          [0.6000, 0.5237, 0.4300,  ..., 0.3907, 0.4341, 0.4360]]]],
       grad_fn=<SigmoidBackward0>), tensor([[[[0.4297, 0.4148, 0.4031,  ..., 0.3997, 0.3936, 0.3962],
          [0.4356, 0.4172, 0.4029,  ..., 0.3991, 0.3933, 0.3929],
          [0.4365, 0.4171, 0.3999,  ..., 0.3913, 0.3844, 0.3908],
          ...,
          [0.5293, 0.4663, 0.4170,  ..., 0.4456, 0.4423, 0.4272],
          [0.4647, 0.4184, 0.3911,  ..., 0.4329, 0.4366, 0.4026],
          [0.4442, 0.4545, 0.4208,  ..., 0.4021, 0.3786, 0.2615]]]],
       grad_fn=<SigmoidBackward0>), tensor([[[[0.3502, 0.3496, 0.3436,  ..., 0.3108, 0.3136, 0.3106],
          [0.3281, 0.3348, 0.3378,  ..., 0.3052, 0.3006, 0.3082],
          [0.3177, 0.3376, 0.3529,  ..., 0.3094, 0.2989, 0.3037],
          ...,
          [0.3998, 0.2933, 0.4142,  ..., 0.3363, 0.4287, 0.4530],
          [0.3934, 0.4596, 0.4701,  ..., 0.4593, 0.5085, 0.4673],
          [0.5111, 0.4006, 0.3174,  ..., 0.3528, 0.3723, 0.4309]]]],
       grad_fn=<SigmoidBackward0>), tensor([[[[0.3984, 0.3634, 0.3616,  ..., 0.3537, 0.3567, 0.3700],
          [0.3755, 0.3523, 0.3630,  ..., 0.3512, 0.3557, 0.3764],
          [0.3675, 0.3461, 0.3647,  ..., 0.3529, 0.3574, 0.3806],
          ...,
          [0.3792, 0.3781, 0.3935,  ..., 0.3891, 0.3917, 0.4103],
          [0.4126, 0.4019, 0.3994,  ..., 0.4063, 0.4104, 0.4342],
          [0.4235, 0.4212, 0.3977,  ..., 0.4128, 0.4204, 0.4580]]]],
       grad_fn=<SigmoidBackward0>)]