[tensor([[[[0.5903, 0.5108, 0.4000,  ..., 0.4489, 0.4265, 0.4465],
          [0.6453, 0.6334, 0.4603,  ..., 0.4774, 0.4595, 0.4440],
          [0.6862, 0.6305, 0.4642,  ..., 0.4850, 0.3933, 0.4117],
          ...,
          [0.5116, 0.5074, 0.5203,  ..., 0.5382, 0.5349, 0.5509],
          [0.5193, 0.5128, 0.5171,  ..., 0.5329, 0.5383, 0.5526],
          [0.5515, 0.5491, 0.5400,  ..., 0.5479, 0.5555, 0.5558]]]],
       grad_fn=<SigmoidBackward0>), tensor([[[[0.5663, 0.5240, 0.4332,  ..., 0.4651, 0.4574, 0.4753],
          [0.6088, 0.6087, 0.4776,  ..., 0.4381, 0.4616, 0.4480],
          [0.6030, 0.5790, 0.4454,  ..., 0.4215, 0.4106, 0.3933],
          ...,
          [0.4872, 0.4478, 0.3956,  ..., 0.3888, 0.3961, 0.4079],
          [0.4615, 0.4249, 0.3905,  ..., 0.3738, 0.3862, 0.4186],
          [0.4470, 0.4260, 0.4065,  ..., 0.3942, 0.4094, 0.4307]]]],
       grad_fn=<SigmoidBackward0>), tensor([[[[0.3042, 0.3089, 0.4508,  ..., 0.4370, 0.4169, 0.4131],
          [0.3291, 0.2806, 0.4673,  ..., 0.4208, 0.4085, 0.4702],
          [0.3100, 0.2512, 0.4219,  ..., 0.4273, 0.4303, 0.5034],
          ...,
          [0.3610, 0.3866, 0.4223,  ..., 0.3726, 0.3644, 0.3694],
          [0.3782, 0.3992, 0.4337,  ..., 0.4073, 0.3975, 0.3922],
          [0.4170, 0.4528, 0.4822,  ..., 0.4832, 0.4714, 0.4489]]]],
       grad_fn=<SigmoidBackward0>), tensor([[[[0.3830, 0.3751, 0.4065,  ..., 0.4132, 0.4312, 0.4468],
          [0.3945, 0.4047, 0.4192,  ..., 0.4129, 0.4279, 0.4385],
          [0.3991, 0.4116, 0.4298,  ..., 0.4195, 0.4238, 0.4441],
          ...,
          [0.4472, 0.4386, 0.4511,  ..., 0.4580, 0.4592, 0.4732],
          [0.4495, 0.4508, 0.4679,  ..., 0.4693, 0.4685, 0.4774],
          [0.4546, 0.4692, 0.4876,  ..., 0.4864, 0.4887, 0.4952]]]],
       grad_fn=<SigmoidBackward0>)]