[tensor([[[[0.4995, 0.5064, 0.5310,  ..., 0.4636, 0.4541, 0.4514],
          [0.5272, 0.5341, 0.5561,  ..., 0.4886, 0.4925, 0.4793],
          [0.5341, 0.5433, 0.5617,  ..., 0.5146, 0.4824, 0.4807],
          ...,
          [0.5139, 0.5217, 0.5369,  ..., 0.5706, 0.4904, 0.4988],
          [0.5093, 0.5156, 0.5309,  ..., 0.5441, 0.5537, 0.5848],
          [0.5125, 0.5389, 0.5429,  ..., 0.5867, 0.6876, 0.7253]]]],
       grad_fn=<SigmoidBackward0>), tensor([[[[0.5289, 0.4539, 0.4339,  ..., 0.4312, 0.4276, 0.4475],
          [0.5267, 0.4423, 0.4472,  ..., 0.4095, 0.4100, 0.4147],
          [0.5118, 0.4395, 0.4591,  ..., 0.3868, 0.3673, 0.3923],
          ...,
          [0.5128, 0.4245, 0.4332,  ..., 0.4972, 0.4403, 0.3626],
          [0.5347, 0.4463, 0.4437,  ..., 0.4255, 0.4472, 0.5249],
          [0.5482, 0.4913, 0.4851,  ..., 0.4618, 0.4797, 0.5967]]]],
       grad_fn=<SigmoidBackward0>), tensor([[[[0.4154, 0.3739, 0.3680,  ..., 0.5085, 0.5401, 0.5503],
          [0.3957, 0.3378, 0.3464,  ..., 0.4567, 0.4870, 0.5900],
          [0.3868, 0.3409, 0.3548,  ..., 0.4793, 0.4972, 0.6157],
          ...,
          [0.3994, 0.3501, 0.3479,  ..., 0.4829, 0.4991, 0.5380],
          [0.4055, 0.3523, 0.3529,  ..., 0.6372, 0.6698, 0.6089],
          [0.4065, 0.3644, 0.3629,  ..., 0.4738, 0.5885, 0.7071]]]],
       grad_fn=<SigmoidBackward0>), tensor([[[[0.3962, 0.3859, 0.3909,  ..., 0.4634, 0.4768, 0.4978],
          [0.3599, 0.3247, 0.3408,  ..., 0.4228, 0.4400, 0.4686],
          [0.3549, 0.3318, 0.3523,  ..., 0.4279, 0.4479, 0.4841],
          ...,
          [0.3862, 0.3580, 0.3842,  ..., 0.4715, 0.4927, 0.5061],
          [0.4005, 0.3715, 0.3891,  ..., 0.4784, 0.4959, 0.5297],
          [0.4264, 0.3992, 0.4111,  ..., 0.5116, 0.5148, 0.5453]]]],
       grad_fn=<SigmoidBackward0>)]