[tensor([[[[0.6593, 0.5189, 0.4317,  ..., 0.4472, 0.4967, 0.6373],
          [0.7688, 0.7333, 0.5311,  ..., 0.5190, 0.5696, 0.5847],
          [0.8024, 0.7404, 0.4908,  ..., 0.4856, 0.5207, 0.4832],
          ...,
          [0.6717, 0.5959, 0.5523,  ..., 0.4212, 0.3742, 0.5174],
          [0.6482, 0.5848, 0.5532,  ..., 0.4866, 0.4759, 0.3677],
          [0.6267, 0.6162, 0.5945,  ..., 0.4156, 0.3922, 0.4759]]]],
       grad_fn=<SigmoidBackward0>), tensor([[[[0.7144, 0.6089, 0.6235,  ..., 0.3410, 0.4746, 0.3533],
          [0.7303, 0.5788, 0.5531,  ..., 0.3020, 0.3019, 0.2790],
          [0.7230, 0.5609, 0.6183,  ..., 0.3753, 0.3952, 0.3130],
          ...,
          [0.3996, 0.5077, 0.4175,  ..., 0.3909, 0.4091, 0.3530],
          [0.4452, 0.5503, 0.4091,  ..., 0.4383, 0.5981, 0.5279],
          [0.5058, 0.5942, 0.4808,  ..., 0.4750, 0.4957, 0.4978]]]],
       grad_fn=<SigmoidBackward0>), tensor([[[[0.3093, 0.2751, 0.2867,  ..., 0.2588, 0.3482, 0.3809],
          [0.4183, 0.4934, 0.4490,  ..., 0.3342, 0.3643, 0.2992],
          [0.3340, 0.4841, 0.4649,  ..., 0.3919, 0.4285, 0.3284],
          ...,
          [0.3328, 0.2550, 0.2799,  ..., 0.3277, 0.3821, 0.2816],
          [0.3322, 0.2330, 0.2465,  ..., 0.4354, 0.4770, 0.2755],
          [0.3990, 0.3303, 0.3580,  ..., 0.3568, 0.4916, 0.3280]]]],
       grad_fn=<SigmoidBackward0>), tensor([[[[0.3545, 0.3127, 0.3870,  ..., 0.3860, 0.3809, 0.3828],
          [0.2917, 0.3120, 0.3526,  ..., 0.3638, 0.3615, 0.4078],
          [0.3492, 0.3107, 0.3449,  ..., 0.4122, 0.3855, 0.4028],
          ...,
          [0.3665, 0.3579, 0.3567,  ..., 0.3611, 0.3714, 0.3919],
          [0.3598, 0.3678, 0.3478,  ..., 0.3608, 0.3859, 0.3753],
          [0.3925, 0.3913, 0.3947,  ..., 0.3938, 0.4154, 0.3930]]]],
       grad_fn=<SigmoidBackward0>)]