[tensor([[[[0.6057, 0.4809, 0.4337,  ..., 0.6296, 0.5999, 0.5837],
          [0.6212, 0.6358, 0.4894,  ..., 0.6065, 0.6038, 0.5430],
          [0.6674, 0.6400, 0.5029,  ..., 0.5769, 0.5536, 0.5245],
          ...,
          [0.5547, 0.5717, 0.5403,  ..., 0.5960, 0.5467, 0.5362],
          [0.6187, 0.6080, 0.5240,  ..., 0.5432, 0.5412, 0.5575],
          [0.5483, 0.5504, 0.3503,  ..., 0.5833, 0.5782, 0.5615]]]],
       grad_fn=<SigmoidBackward0>), tensor([[[[0.5896, 0.4640, 0.4877,  ..., 0.4783, 0.4677, 0.4530],
          [0.5198, 0.5080, 0.4775,  ..., 0.4892, 0.4817, 0.4579],
          [0.5393, 0.5355, 0.4885,  ..., 0.4654, 0.4535, 0.4327],
          ...,
          [0.4723, 0.4691, 0.4328,  ..., 0.4484, 0.4703, 0.4523],
          [0.3892, 0.3085, 0.3595,  ..., 0.4875, 0.4883, 0.4502],
          [0.3879, 0.3568, 0.3397,  ..., 0.5105, 0.5025, 0.4472]]]],
       grad_fn=<SigmoidBackward0>), tensor([[[[0.2475, 0.3135, 0.4031,  ..., 0.3948, 0.3858, 0.3682],
          [0.2783, 0.3557, 0.4667,  ..., 0.3703, 0.3624, 0.3543],
          [0.2739, 0.2868, 0.4075,  ..., 0.3660, 0.3731, 0.3822],
          ...,
          [0.3975, 0.4572, 0.3920,  ..., 0.4151, 0.4292, 0.4008],
          [0.1889, 0.3737, 0.4472,  ..., 0.4927, 0.4527, 0.4290],
          [0.3163, 0.1463, 0.2602,  ..., 0.4933, 0.4631, 0.4244]]]],
       grad_fn=<SigmoidBackward0>), tensor([[[[0.4016, 0.4241, 0.4415,  ..., 0.4751, 0.4693, 0.4723],
          [0.4194, 0.4309, 0.4325,  ..., 0.4665, 0.4617, 0.4662],
          [0.4386, 0.4518, 0.4482,  ..., 0.5026, 0.4752, 0.4720],
          ...,
          [0.4385, 0.4343, 0.4561,  ..., 0.5018, 0.4916, 0.4833],
          [0.4478, 0.4002, 0.4456,  ..., 0.5069, 0.4852, 0.4784],
          [0.4261, 0.4181, 0.4352,  ..., 0.5140, 0.5002, 0.4828]]]],
       grad_fn=<SigmoidBackward0>)]