[tensor([[[[0.4123, 0.4224, 0.4124,  ..., 0.4356, 0.4453, 0.4688],
          [0.4240, 0.4432, 0.4040,  ..., 0.4429, 0.4503, 0.4623],
          [0.4534, 0.4236, 0.3965,  ..., 0.4455, 0.4459, 0.4560],
          ...,
          [0.4458, 0.4066, 0.3905,  ..., 0.4338, 0.4416, 0.4591],
          [0.4089, 0.4199, 0.4077,  ..., 0.4276, 0.4302, 0.4417],
          [0.3642, 0.3607, 0.3906,  ..., 0.4423, 0.4357, 0.4438]]]],
       grad_fn=<SigmoidBackward0>), tensor([[[[0.4402, 0.3915, 0.3849,  ..., 0.3375, 0.3403, 0.3554],
          [0.4433, 0.3756, 0.3672,  ..., 0.3310, 0.3389, 0.3538],
          [0.4336, 0.3700, 0.3518,  ..., 0.3251, 0.3344, 0.3527],
          ...,
          [0.4312, 0.3795, 0.3600,  ..., 0.3330, 0.3400, 0.3550],
          [0.4372, 0.4077, 0.3916,  ..., 0.3497, 0.3557, 0.3696],
          [0.4218, 0.4449, 0.4323,  ..., 0.3801, 0.3849, 0.3998]]]],
       grad_fn=<SigmoidBackward0>), tensor([[[[0.2872, 0.2774, 0.3011,  ..., 0.2523, 0.2558, 0.2565],
          [0.2969, 0.2590, 0.2628,  ..., 0.2382, 0.2496, 0.2557],
          [0.3134, 0.2743, 0.2671,  ..., 0.2350, 0.2480, 0.2606],
          ...,
          [0.3653, 0.3066, 0.2771,  ..., 0.2332, 0.2417, 0.2437],
          [0.3983, 0.3774, 0.3557,  ..., 0.2462, 0.2509, 0.2482],
          [0.3253, 0.2644, 0.2563,  ..., 0.2398, 0.2429, 0.2530]]]],
       grad_fn=<SigmoidBackward0>), tensor([[[[0.3158, 0.3129, 0.3112,  ..., 0.2684, 0.2870, 0.3024],
          [0.2963, 0.2905, 0.2903,  ..., 0.2621, 0.2806, 0.2976],
          [0.2955, 0.2922, 0.2931,  ..., 0.2741, 0.3001, 0.3085],
          ...,
          [0.2983, 0.2977, 0.2996,  ..., 0.2819, 0.3036, 0.3047],
          [0.3082, 0.3120, 0.3090,  ..., 0.2952, 0.3110, 0.3099],
          [0.3258, 0.3223, 0.3240,  ..., 0.3235, 0.3290, 0.3283]]]],
       grad_fn=<SigmoidBackward0>)]