[tensor([[[[0.4669, 0.4488, 0.4296,  ..., 0.4899, 0.4757, 0.4851],
          [0.4502, 0.4767, 0.4521,  ..., 0.4857, 0.4969, 0.4799],
          [0.4640, 0.4366, 0.4275,  ..., 0.4723, 0.4522, 0.4670],
          ...,
          [0.4276, 0.4375, 0.4488,  ..., 0.4440, 0.4514, 0.4666],
          [0.4263, 0.4319, 0.4397,  ..., 0.4337, 0.4387, 0.4444],
          [0.4391, 0.4431, 0.4409,  ..., 0.4381, 0.4344, 0.4442]]]],
       grad_fn=<SigmoidBackward0>), tensor([[[[0.4443, 0.4020, 0.4019,  ..., 0.4028, 0.4040, 0.4159],
          [0.4668, 0.3906, 0.3942,  ..., 0.3845, 0.3889, 0.3840],
          [0.4621, 0.3853, 0.3687,  ..., 0.3754, 0.3636, 0.3745],
          ...,
          [0.4311, 0.3702, 0.3532,  ..., 0.3562, 0.3615, 0.3756],
          [0.4456, 0.3855, 0.3726,  ..., 0.3726, 0.3755, 0.3894],
          [0.4554, 0.4160, 0.4043,  ..., 0.4065, 0.4101, 0.4242]]]],
       grad_fn=<SigmoidBackward0>), tensor([[[[0.3469, 0.3316, 0.3857,  ..., 0.3603, 0.3811, 0.4149],
          [0.3695, 0.3025, 0.3385,  ..., 0.3249, 0.3357, 0.4193],
          [0.3781, 0.3493, 0.3346,  ..., 0.3206, 0.3016, 0.4150],
          ...,
          [0.2630, 0.2604, 0.2650,  ..., 0.2556, 0.2640, 0.2619],
          [0.2660, 0.2680, 0.2705,  ..., 0.2679, 0.2722, 0.2644],
          [0.2633, 0.2636, 0.2677,  ..., 0.2655, 0.2663, 0.2705]]]],
       grad_fn=<SigmoidBackward0>), tensor([[[[0.3658, 0.3523, 0.3641,  ..., 0.3641, 0.3747, 0.3923],
          [0.3348, 0.3281, 0.3245,  ..., 0.3356, 0.3500, 0.3773],
          [0.3326, 0.3317, 0.3297,  ..., 0.3406, 0.3511, 0.3837],
          ...,
          [0.3189, 0.2890, 0.3031,  ..., 0.3011, 0.3230, 0.3312],
          [0.3311, 0.3058, 0.3128,  ..., 0.3125, 0.3293, 0.3368],
          [0.3511, 0.3393, 0.3454,  ..., 0.3354, 0.3432, 0.3504]]]],
       grad_fn=<SigmoidBackward0>)]