[tensor([[[[0.8113, 0.6182, 0.4697,  ..., 0.5114, 0.5187, 0.5353],
          [0.8114, 0.7615, 0.5146,  ..., 0.5271, 0.5454, 0.5482],
          [0.8386, 0.7765, 0.5089,  ..., 0.5156, 0.5266, 0.5260],
          ...,
          [0.8405, 0.7197, 0.4994,  ..., 0.5391, 0.5310, 0.5330],
          [0.7852, 0.7252, 0.4903,  ..., 0.5530, 0.5597, 0.5450],
          [0.7861, 0.8564, 0.6199,  ..., 0.5574, 0.5584, 0.5401]]]],
       grad_fn=<SigmoidBackward0>), tensor([[[[0.6778, 0.5196, 0.4679,  ..., 0.4604, 0.4411, 0.4399],
          [0.6887, 0.7229, 0.5847,  ..., 0.4727, 0.4519, 0.4416],
          [0.5922, 0.6777, 0.4819,  ..., 0.4889, 0.4715, 0.4571],
          ...,
          [0.6195, 0.5940, 0.5457,  ..., 0.4894, 0.4778, 0.4796],
          [0.5391, 0.3360, 0.3544,  ..., 0.4803, 0.4798, 0.4870],
          [0.3411, 0.2300, 0.2591,  ..., 0.4664, 0.4785, 0.4874]]]],
       grad_fn=<SigmoidBackward0>), tensor([[[[0.3784, 0.3312, 0.4331,  ..., 0.3634, 0.3579, 0.3632],
          [0.4480, 0.4110, 0.5021,  ..., 0.3950, 0.3927, 0.3999],
          [0.4455, 0.3654, 0.4963,  ..., 0.4381, 0.4289, 0.4592],
          ...,
          [0.5907, 0.3415, 0.4186,  ..., 0.4297, 0.4214, 0.4193],
          [0.2674, 0.4569, 0.5551,  ..., 0.4415, 0.4187, 0.4190],
          [0.4202, 0.3421, 0.3712,  ..., 0.4428, 0.4467, 0.4767]]]],
       grad_fn=<SigmoidBackward0>), tensor([[[[0.4248, 0.3527, 0.4354,  ..., 0.4660, 0.4787, 0.4842],
          [0.3887, 0.4529, 0.4554,  ..., 0.4668, 0.4718, 0.4662],
          [0.4132, 0.4316, 0.4738,  ..., 0.4883, 0.4866, 0.4831],
          ...,
          [0.4386, 0.4941, 0.5658,  ..., 0.5000, 0.5311, 0.5160],
          [0.3885, 0.3546, 0.5129,  ..., 0.5265, 0.5424, 0.5213],
          [0.4594, 0.5039, 0.5827,  ..., 0.5422, 0.5548, 0.5304]]]],
       grad_fn=<SigmoidBackward0>)]