[tensor([[[[0.4353, 0.4749, 0.4653,  ..., 0.4883, 0.4785, 0.4846],
          [0.4372, 0.4770, 0.4944,  ..., 0.4595, 0.4692, 0.4617],
          [0.4260, 0.4708, 0.4837,  ..., 0.4234, 0.4287, 0.4316],
          ...,
          [0.4724, 0.5072, 0.4853,  ..., 0.4164, 0.4141, 0.4437],
          [0.5725, 0.6143, 0.5577,  ..., 0.4458, 0.4512, 0.4681],
          [0.4328, 0.4704, 0.4200,  ..., 0.5059, 0.5048, 0.4924]]]],
       grad_fn=<SigmoidBackward0>), tensor([[[[0.4354, 0.4103, 0.4271,  ..., 0.4204, 0.4418, 0.4703],
          [0.4516, 0.4325, 0.4358,  ..., 0.3845, 0.4075, 0.4512],
          [0.4424, 0.4303, 0.4387,  ..., 0.3589, 0.3841, 0.4328],
          ...,
          [0.4746, 0.4707, 0.4172,  ..., 0.3352, 0.3728, 0.4237],
          [0.3749, 0.3798, 0.3748,  ..., 0.3616, 0.3839, 0.4236],
          [0.3284, 0.3401, 0.3121,  ..., 0.4336, 0.4406, 0.4550]]]],
       grad_fn=<SigmoidBackward0>), tensor([[[[0.3695, 0.4196, 0.3483,  ..., 0.3054, 0.3264, 0.3726],
          [0.3562, 0.4353, 0.3244,  ..., 0.2765, 0.3128, 0.3709],
          [0.3579, 0.4271, 0.3439,  ..., 0.2599, 0.3001, 0.3576],
          ...,
          [0.3455, 0.3829, 0.3343,  ..., 0.2647, 0.2929, 0.3410],
          [0.2054, 0.4564, 0.4383,  ..., 0.3131, 0.3232, 0.3428],
          [0.3252, 0.2382, 0.3238,  ..., 0.3199, 0.3255, 0.3396]]]],
       grad_fn=<SigmoidBackward0>), tensor([[[[0.4078, 0.3796, 0.3736,  ..., 0.4034, 0.4159, 0.4293],
          [0.3949, 0.3712, 0.3703,  ..., 0.3865, 0.4002, 0.4191],
          [0.3917, 0.3654, 0.3591,  ..., 0.3925, 0.3975, 0.4158],
          ...,
          [0.4017, 0.4197, 0.4180,  ..., 0.3754, 0.3908, 0.4117],
          [0.4094, 0.4169, 0.4179,  ..., 0.3818, 0.3926, 0.4135],
          [0.4212, 0.4151, 0.4240,  ..., 0.4087, 0.4104, 0.4221]]]],
       grad_fn=<SigmoidBackward0>)]