[tensor([[[[0.4823, 0.4594, 0.4389,  ..., 0.4624, 0.4692, 0.4808],
          [0.4709, 0.4951, 0.4482,  ..., 0.4774, 0.4799, 0.4874],
          [0.4890, 0.4592, 0.4296,  ..., 0.4787, 0.4742, 0.4788],
          ...,
          [0.5198, 0.4818, 0.4391,  ..., 0.4585, 0.4662, 0.4812],
          [0.5253, 0.5146, 0.4683,  ..., 0.4479, 0.4500, 0.4599],
          [0.5466, 0.4928, 0.4986,  ..., 0.4519, 0.4458, 0.4562]]]],
       grad_fn=<SigmoidBackward0>), tensor([[[[0.4791, 0.4329, 0.4312,  ..., 0.3582, 0.3626, 0.3757],
          [0.4840, 0.4094, 0.4136,  ..., 0.3618, 0.3669, 0.3719],
          [0.4603, 0.4047, 0.3833,  ..., 0.3617, 0.3658, 0.3707],
          ...,
          [0.5495, 0.4548, 0.4504,  ..., 0.3715, 0.3749, 0.3826],
          [0.4880, 0.4469, 0.4185,  ..., 0.3829, 0.3847, 0.3993],
          [0.4724, 0.4509, 0.4732,  ..., 0.4055, 0.4129, 0.4305]]]],
       grad_fn=<SigmoidBackward0>), tensor([[[[0.4076, 0.3756, 0.4167,  ..., 0.2938, 0.2915, 0.2851],
          [0.4025, 0.3615, 0.3889,  ..., 0.2803, 0.2896, 0.2856],
          [0.4224, 0.4042, 0.3854,  ..., 0.2827, 0.2930, 0.2949],
          ...,
          [0.4026, 0.3226, 0.3367,  ..., 0.2758, 0.2861, 0.2831],
          [0.4646, 0.4346, 0.4433,  ..., 0.2880, 0.2935, 0.2865],
          [0.3966, 0.3330, 0.3009,  ..., 0.2853, 0.2870, 0.2924]]]],
       grad_fn=<SigmoidBackward0>), tensor([[[[0.4168, 0.3909, 0.3970,  ..., 0.3250, 0.3453, 0.3613],
          [0.3894, 0.3687, 0.3623,  ..., 0.3085, 0.3312, 0.3533],
          [0.3857, 0.3727, 0.3641,  ..., 0.3203, 0.3469, 0.3609],
          ...,
          [0.3858, 0.3955, 0.3805,  ..., 0.3285, 0.3512, 0.3606],
          [0.3936, 0.4146, 0.4046,  ..., 0.3401, 0.3573, 0.3657],
          [0.4030, 0.4115, 0.4023,  ..., 0.3644, 0.3728, 0.3812]]]],
       grad_fn=<SigmoidBackward0>)]