[tensor([[[[0.4160, 0.4044, 0.4005,  ..., 0.4394, 0.4483, 0.4632],
          [0.4324, 0.4425, 0.4272,  ..., 0.4492, 0.4556, 0.4617],
          [0.4597, 0.4200, 0.4138,  ..., 0.4507, 0.4488, 0.4553],
          ...,
          [0.4665, 0.4275, 0.4044,  ..., 0.4425, 0.4476, 0.4606],
          [0.4309, 0.4502, 0.4246,  ..., 0.4327, 0.4351, 0.4426],
          [0.3934, 0.3968, 0.4389,  ..., 0.4421, 0.4355, 0.4434]]]],
       grad_fn=<SigmoidBackward0>), tensor([[[[0.4383, 0.4010, 0.3945,  ..., 0.3428, 0.3484, 0.3681],
          [0.4426, 0.3861, 0.3733,  ..., 0.3385, 0.3471, 0.3625],
          [0.4419, 0.3702, 0.3487,  ..., 0.3332, 0.3413, 0.3601],
          ...,
          [0.4468, 0.3809, 0.3689,  ..., 0.3427, 0.3462, 0.3593],
          [0.4160, 0.3964, 0.3834,  ..., 0.3567, 0.3615, 0.3757],
          [0.4257, 0.4484, 0.4442,  ..., 0.3871, 0.3921, 0.4081]]]],
       grad_fn=<SigmoidBackward0>), tensor([[[[0.3580, 0.3330, 0.3701,  ..., 0.2617, 0.2632, 0.2593],
          [0.3518, 0.3236, 0.3231,  ..., 0.2456, 0.2557, 0.2595],
          [0.3757, 0.3258, 0.3048,  ..., 0.2431, 0.2545, 0.2656],
          ...,
          [0.3559, 0.2996, 0.2900,  ..., 0.2422, 0.2527, 0.2516],
          [0.4051, 0.3824, 0.3885,  ..., 0.2552, 0.2604, 0.2560],
          [0.3281, 0.2614, 0.2360,  ..., 0.2508, 0.2534, 0.2650]]]],
       grad_fn=<SigmoidBackward0>), tensor([[[[0.3270, 0.3239, 0.3352,  ..., 0.2784, 0.2967, 0.3145],
          [0.3053, 0.2927, 0.2984,  ..., 0.2681, 0.2875, 0.3076],
          [0.3067, 0.2962, 0.3016,  ..., 0.2797, 0.3048, 0.3172],
          ...,
          [0.3149, 0.3333, 0.3189,  ..., 0.2875, 0.3098, 0.3180],
          [0.3332, 0.3533, 0.3383,  ..., 0.3024, 0.3187, 0.3229],
          [0.3362, 0.3393, 0.3334,  ..., 0.3314, 0.3364, 0.3399]]]],
       grad_fn=<SigmoidBackward0>)]