[tensor([[[[0.4056, 0.4142, 0.4240,  ..., 0.4308, 0.4391, 0.4539],
          [0.4229, 0.4282, 0.4382,  ..., 0.4443, 0.4505, 0.4530],
          [0.4328, 0.4374, 0.4485,  ..., 0.4485, 0.4467, 0.4491],
          ...,
          [0.4888, 0.4598, 0.4328,  ..., 0.4695, 0.4539, 0.4461],
          [0.5198, 0.5075, 0.4792,  ..., 0.4671, 0.4793, 0.4699],
          [0.5049, 0.5252, 0.5203,  ..., 0.4287, 0.4299, 0.4132]]]],
       grad_fn=<SigmoidBackward0>), tensor([[[[0.4351, 0.3835, 0.3644,  ..., 0.3493, 0.3521, 0.3712],
          [0.4206, 0.3620, 0.3422,  ..., 0.3306, 0.3367, 0.3561],
          [0.4049, 0.3461, 0.3333,  ..., 0.3213, 0.3279, 0.3482],
          ...,
          [0.4375, 0.3791, 0.3716,  ..., 0.3734, 0.3653, 0.3854],
          [0.4135, 0.3802, 0.3704,  ..., 0.3755, 0.3914, 0.4182],
          [0.4362, 0.4826, 0.4602,  ..., 0.4139, 0.4062, 0.3674]]]],
       grad_fn=<SigmoidBackward0>), tensor([[[[0.2923, 0.2831, 0.2836,  ..., 0.2799, 0.2851, 0.2837],
          [0.2733, 0.2674, 0.2682,  ..., 0.2592, 0.2701, 0.2748],
          [0.2682, 0.2637, 0.2659,  ..., 0.2579, 0.2723, 0.2802],
          ...,
          [0.3088, 0.2915, 0.2821,  ..., 0.3577, 0.3429, 0.4256],
          [0.3954, 0.4011, 0.3750,  ..., 0.4155, 0.4083, 0.4136],
          [0.3398, 0.3634, 0.2898,  ..., 0.3174, 0.3595, 0.4038]]]],
       grad_fn=<SigmoidBackward0>), tensor([[[[0.2878, 0.2828, 0.2833,  ..., 0.2863, 0.3032, 0.3292],
          [0.2738, 0.2515, 0.2629,  ..., 0.2704, 0.2855, 0.3127],
          [0.2747, 0.2589, 0.2766,  ..., 0.2835, 0.3051, 0.3236],
          ...,
          [0.3096, 0.3276, 0.3065,  ..., 0.3419, 0.3398, 0.3496],
          [0.3367, 0.3537, 0.3384,  ..., 0.3604, 0.3492, 0.3506],
          [0.3317, 0.3424, 0.3381,  ..., 0.3662, 0.3624, 0.3498]]]],
       grad_fn=<SigmoidBackward0>)]