[tensor([[[[0.4696, 0.4711, 0.4591,  ..., 0.4857, 0.4733, 0.4823],
          [0.4517, 0.5027, 0.4941,  ..., 0.4558, 0.4661, 0.4587],
          [0.4714, 0.4935, 0.4887,  ..., 0.4154, 0.4242, 0.4290],
          ...,
          [0.4456, 0.4901, 0.5071,  ..., 0.4277, 0.4239, 0.4614],
          [0.5778, 0.5878, 0.5176,  ..., 0.4512, 0.4586, 0.4805],
          [0.4168, 0.4385, 0.3955,  ..., 0.5134, 0.5110, 0.4991]]]],
       grad_fn=<SigmoidBackward0>), tensor([[[[0.5005, 0.4597, 0.4791,  ..., 0.4159, 0.4321, 0.4624],
          [0.4931, 0.4627, 0.4714,  ..., 0.3781, 0.3973, 0.4291],
          [0.4892, 0.4747, 0.4680,  ..., 0.3545, 0.3704, 0.4092],
          ...,
          [0.4417, 0.4089, 0.3355,  ..., 0.3373, 0.3716, 0.4187],
          [0.3622, 0.3611, 0.3663,  ..., 0.3478, 0.3706, 0.3982],
          [0.2960, 0.3209, 0.3354,  ..., 0.4092, 0.4194, 0.4234]]]],
       grad_fn=<SigmoidBackward0>), tensor([[[[0.3934, 0.4172, 0.3302,  ..., 0.3183, 0.3321, 0.3704],
          [0.4096, 0.4427, 0.3391,  ..., 0.3005, 0.3260, 0.3783],
          [0.3796, 0.3917, 0.3225,  ..., 0.2806, 0.3156, 0.3745],
          ...,
          [0.3614, 0.3927, 0.3425,  ..., 0.2949, 0.3127, 0.3453],
          [0.2294, 0.4525, 0.4403,  ..., 0.3178, 0.3269, 0.3467],
          [0.2969, 0.2451, 0.3628,  ..., 0.3100, 0.3209, 0.3399]]]],
       grad_fn=<SigmoidBackward0>), tensor([[[[0.4450, 0.4116, 0.4128,  ..., 0.4114, 0.4186, 0.4231],
          [0.4431, 0.4219, 0.4088,  ..., 0.3988, 0.4076, 0.4220],
          [0.4436, 0.4180, 0.4022,  ..., 0.3993, 0.4066, 0.4205],
          ...,
          [0.3884, 0.3698, 0.3659,  ..., 0.3980, 0.4077, 0.4287],
          [0.3955, 0.3735, 0.3758,  ..., 0.4055, 0.4116, 0.4312],
          [0.3918, 0.3757, 0.3829,  ..., 0.4314, 0.4346, 0.4438]]]],
       grad_fn=<SigmoidBackward0>)]