[tensor([[[[0.7727, 0.5193, 0.3769,  ..., 0.5215, 0.5124, 0.5249],
          [0.7959, 0.6787, 0.4288,  ..., 0.5327, 0.5405, 0.5274],
          [0.8194, 0.7322, 0.4864,  ..., 0.5018, 0.5149, 0.5202],
          ...,
          [0.6597, 0.5175, 0.4242,  ..., 0.5077, 0.4852, 0.4762],
          [0.7096, 0.6647, 0.5632,  ..., 0.5072, 0.5049, 0.5014],
          [0.7992, 0.6881, 0.3280,  ..., 0.5221, 0.5272, 0.5102]]]],
       grad_fn=<SigmoidBackward0>), tensor([[[[0.6986, 0.5975, 0.4513,  ..., 0.4263, 0.4231, 0.4260],
          [0.5675, 0.6604, 0.4437,  ..., 0.4134, 0.4296, 0.4530],
          [0.5900, 0.6391, 0.4261,  ..., 0.4090, 0.4265, 0.4598],
          ...,
          [0.5094, 0.5041, 0.3956,  ..., 0.4212, 0.4375, 0.4827],
          [0.4054, 0.2954, 0.3315,  ..., 0.4545, 0.4604, 0.4849],
          [0.3674, 0.3084, 0.2726,  ..., 0.5121, 0.5072, 0.5103]]]],
       grad_fn=<SigmoidBackward0>), tensor([[[[0.3130, 0.2941, 0.4300,  ..., 0.3813, 0.3972, 0.4191],
          [0.3040, 0.2483, 0.4516,  ..., 0.4655, 0.4908, 0.4841],
          [0.3594, 0.2394, 0.4192,  ..., 0.4760, 0.5115, 0.5023],
          ...,
          [0.5791, 0.4592, 0.3743,  ..., 0.4316, 0.4301, 0.4447],
          [0.4077, 0.5837, 0.5334,  ..., 0.4343, 0.4232, 0.4502],
          [0.6727, 0.2675, 0.1935,  ..., 0.4265, 0.4338, 0.4594]]]],
       grad_fn=<SigmoidBackward0>), tensor([[[[0.3721, 0.3772, 0.4397,  ..., 0.4658, 0.4548, 0.4657],
          [0.3818, 0.3788, 0.4120,  ..., 0.4490, 0.4461, 0.4600],
          [0.4039, 0.3744, 0.4150,  ..., 0.4633, 0.4550, 0.4717],
          ...,
          [0.4217, 0.4344, 0.4513,  ..., 0.4869, 0.4652, 0.4764],
          [0.4654, 0.3990, 0.4219,  ..., 0.4806, 0.4715, 0.4950],
          [0.3920, 0.4199, 0.4704,  ..., 0.5213, 0.5225, 0.5373]]]],
       grad_fn=<SigmoidBackward0>)]