[tensor([[[[0.4492, 0.4233, 0.4155,  ..., 0.4715, 0.4712, 0.4702],
          [0.4397, 0.4503, 0.4263,  ..., 0.4599, 0.4768, 0.4639],
          [0.4555, 0.4219, 0.4048,  ..., 0.4639, 0.4436, 0.4548],
          ...,
          [0.4278, 0.4308, 0.4409,  ..., 0.4427, 0.4532, 0.4670],
          [0.4308, 0.4286, 0.4356,  ..., 0.4340, 0.4396, 0.4486],
          [0.4478, 0.4509, 0.4483,  ..., 0.4431, 0.4406, 0.4507]]]],
       grad_fn=<SigmoidBackward0>), tensor([[[[0.4471, 0.4005, 0.3926,  ..., 0.3820, 0.3883, 0.4046],
          [0.4480, 0.3881, 0.3768,  ..., 0.3673, 0.3735, 0.3725],
          [0.4392, 0.3767, 0.3548,  ..., 0.3642, 0.3490, 0.3640],
          ...,
          [0.4157, 0.3593, 0.3421,  ..., 0.3423, 0.3475, 0.3634],
          [0.4277, 0.3724, 0.3616,  ..., 0.3588, 0.3610, 0.3748],
          [0.4357, 0.3972, 0.3893,  ..., 0.3894, 0.3899, 0.4027]]]],
       grad_fn=<SigmoidBackward0>), tensor([[[[0.3430, 0.3150, 0.3639,  ..., 0.3395, 0.3640, 0.4149],
          [0.3304, 0.3010, 0.3176,  ..., 0.2991, 0.3085, 0.4054],
          [0.3364, 0.3003, 0.3012,  ..., 0.3008, 0.2922, 0.4117],
          ...,
          [0.2663, 0.2645, 0.2668,  ..., 0.2546, 0.2619, 0.2653],
          [0.2682, 0.2704, 0.2684,  ..., 0.2618, 0.2643, 0.2606],
          [0.2614, 0.2589, 0.2549,  ..., 0.2515, 0.2531, 0.2588]]]],
       grad_fn=<SigmoidBackward0>), tensor([[[[0.3467, 0.3550, 0.3678,  ..., 0.3373, 0.3416, 0.3702],
          [0.3288, 0.3251, 0.3245,  ..., 0.3130, 0.3264, 0.3536],
          [0.3330, 0.3283, 0.3297,  ..., 0.3151, 0.3294, 0.3554],
          ...,
          [0.3042, 0.2841, 0.3018,  ..., 0.3056, 0.3220, 0.3334],
          [0.3175, 0.2981, 0.3106,  ..., 0.3160, 0.3273, 0.3363],
          [0.3450, 0.3359, 0.3461,  ..., 0.3410, 0.3462, 0.3510]]]],
       grad_fn=<SigmoidBackward0>)]