[tensor([[[[0.7741, 0.5199, 0.3770,  ..., 0.5207, 0.5123, 0.5249],
          [0.7970, 0.6787, 0.4285,  ..., 0.5318, 0.5405, 0.5272],
          [0.8194, 0.7315, 0.4855,  ..., 0.5018, 0.5151, 0.5210],
          ...,
          [0.6610, 0.5175, 0.4231,  ..., 0.5072, 0.4854, 0.4767],
          [0.7099, 0.6642, 0.5622,  ..., 0.5072, 0.5050, 0.5018],
          [0.7992, 0.6902, 0.3293,  ..., 0.5223, 0.5273, 0.5105]]]],
       grad_fn=<SigmoidBackward0>), tensor([[[[0.7005, 0.5971, 0.4515,  ..., 0.4270, 0.4239, 0.4285],
          [0.5645, 0.6588, 0.4433,  ..., 0.4131, 0.4306, 0.4552],
          [0.5912, 0.6383, 0.4241,  ..., 0.4076, 0.4262, 0.4615],
          ...,
          [0.5120, 0.5067, 0.3948,  ..., 0.4195, 0.4373, 0.4847],
          [0.4076, 0.2963, 0.3319,  ..., 0.4550, 0.4609, 0.4863],
          [0.3672, 0.3110, 0.2735,  ..., 0.5141, 0.5086, 0.5111]]]],
       grad_fn=<SigmoidBackward0>), tensor([[[[0.3235, 0.3031, 0.4371,  ..., 0.3817, 0.3978, 0.4213],
          [0.3064, 0.2566, 0.4571,  ..., 0.4635, 0.4902, 0.4851],
          [0.3634, 0.2487, 0.4236,  ..., 0.4754, 0.5120, 0.5028],
          ...,
          [0.5867, 0.4620, 0.3783,  ..., 0.4312, 0.4312, 0.4474],
          [0.4135, 0.5877, 0.5332,  ..., 0.4328, 0.4202, 0.4508],
          [0.6740, 0.2774, 0.1989,  ..., 0.4235, 0.4299, 0.4565]]]],
       grad_fn=<SigmoidBackward0>), tensor([[[[0.3710, 0.3799, 0.4395,  ..., 0.4689, 0.4587, 0.4699],
          [0.3812, 0.3776, 0.4128,  ..., 0.4511, 0.4490, 0.4618],
          [0.4013, 0.3736, 0.4138,  ..., 0.4649, 0.4574, 0.4731],
          ...,
          [0.4205, 0.4343, 0.4480,  ..., 0.4879, 0.4679, 0.4784],
          [0.4639, 0.3984, 0.4210,  ..., 0.4816, 0.4731, 0.4966],
          [0.3945, 0.4209, 0.4726,  ..., 0.5231, 0.5248, 0.5387]]]],
       grad_fn=<SigmoidBackward0>)]