[tensor([[[[0.4676, 0.4785, 0.5041,  ..., 0.5391, 0.5179, 0.5456],
          [0.4878, 0.4891, 0.5050,  ..., 0.5527, 0.5565, 0.5693],
          [0.4980, 0.4922, 0.5038,  ..., 0.5444, 0.5240, 0.5412],
          ...,
          [0.4712, 0.4680, 0.4756,  ..., 0.5326, 0.5106, 0.5412],
          [0.4872, 0.4759, 0.4810,  ..., 0.5178, 0.5736, 0.6032],
          [0.5088, 0.5124, 0.5036,  ..., 0.6041, 0.6640, 0.7025]]]],
       grad_fn=<SigmoidBackward0>), tensor([[[[0.4551, 0.4082, 0.4019,  ..., 0.3460, 0.3734, 0.3915],
          [0.4525, 0.4051, 0.4119,  ..., 0.3968, 0.3990, 0.3788],
          [0.4567, 0.4134, 0.4289,  ..., 0.3927, 0.3616, 0.3467],
          ...,
          [0.4437, 0.4036, 0.4103,  ..., 0.3931, 0.3747, 0.3529],
          [0.4464, 0.4002, 0.4003,  ..., 0.3761, 0.3902, 0.4233],
          [0.4459, 0.4144, 0.4170,  ..., 0.4086, 0.3736, 0.3963]]]],
       grad_fn=<SigmoidBackward0>), tensor([[[[0.4051, 0.3673, 0.3584,  ..., 0.4505, 0.5019, 0.5264],
          [0.3765, 0.3479, 0.3506,  ..., 0.3570, 0.3811, 0.4969],
          [0.3690, 0.3520, 0.3617,  ..., 0.3626, 0.3877, 0.5064],
          ...,
          [0.3952, 0.3658, 0.3702,  ..., 0.3353, 0.3757, 0.4827],
          [0.3841, 0.3565, 0.3609,  ..., 0.3552, 0.4254, 0.4875],
          [0.3784, 0.3554, 0.3579,  ..., 0.2901, 0.3708, 0.5549]]]],
       grad_fn=<SigmoidBackward0>), tensor([[[[0.4611, 0.4348, 0.4362,  ..., 0.4652, 0.4673, 0.4707],
          [0.4287, 0.3969, 0.4111,  ..., 0.4375, 0.4392, 0.4712],
          [0.4225, 0.3872, 0.4193,  ..., 0.4420, 0.4439, 0.4855],
          ...,
          [0.4258, 0.4029, 0.4240,  ..., 0.4508, 0.4656, 0.4749],
          [0.4190, 0.4034, 0.4252,  ..., 0.4630, 0.4749, 0.4918],
          [0.4319, 0.4285, 0.4519,  ..., 0.4532, 0.4736, 0.4835]]]],
       grad_fn=<SigmoidBackward0>)]