[tensor([[[[0.5097, 0.5048, 0.5087,  ..., 0.4974, 0.5072, 0.5515],
          [0.5203, 0.5221, 0.5227,  ..., 0.5153, 0.5393, 0.5749],
          [0.5067, 0.5030, 0.5085,  ..., 0.5094, 0.5293, 0.5630],
          ...,
          [0.8099, 0.6826, 0.4799,  ..., 0.4959, 0.4286, 0.4860],
          [0.8338, 0.7110, 0.4560,  ..., 0.4830, 0.5321, 0.5175],
          [0.8517, 0.8508, 0.4909,  ..., 0.4855, 0.6007, 0.5746]]]],
       grad_fn=<SigmoidBackward0>), tensor([[[[0.4488, 0.4278, 0.4092,  ..., 0.4112, 0.4177, 0.4171],
          [0.4670, 0.4403, 0.4338,  ..., 0.4236, 0.4142, 0.4096],
          [0.4783, 0.4714, 0.4640,  ..., 0.4405, 0.4240, 0.4178],
          ...,
          [0.6336, 0.5856, 0.4442,  ..., 0.5016, 0.4452, 0.3821],
          [0.5610, 0.3885, 0.3425,  ..., 0.4245, 0.4007, 0.3363],
          [0.5220, 0.4558, 0.4194,  ..., 0.3757, 0.3324, 0.2850]]]],
       grad_fn=<SigmoidBackward0>), tensor([[[[0.3876, 0.3514, 0.3883,  ..., 0.3189, 0.3216, 0.3324],
          [0.3619, 0.3389, 0.4074,  ..., 0.3225, 0.3284, 0.3328],
          [0.3585, 0.3772, 0.4674,  ..., 0.3740, 0.3861, 0.3937],
          ...,
          [0.3611, 0.2144, 0.4120,  ..., 0.3909, 0.4100, 0.4842],
          [0.4670, 0.4797, 0.4739,  ..., 0.5654, 0.4894, 0.3837],
          [0.6027, 0.5081, 0.2499,  ..., 0.3175, 0.2750, 0.3534]]]],
       grad_fn=<SigmoidBackward0>), tensor([[[[0.4283, 0.4020, 0.4011,  ..., 0.3852, 0.3838, 0.3984],
          [0.4102, 0.3923, 0.4006,  ..., 0.3796, 0.3876, 0.4024],
          [0.4043, 0.3861, 0.4026,  ..., 0.3813, 0.3926, 0.4140],
          ...,
          [0.4030, 0.3629, 0.4477,  ..., 0.4947, 0.4906, 0.4792],
          [0.4546, 0.4011, 0.4465,  ..., 0.4801, 0.4790, 0.4884],
          [0.4794, 0.4687, 0.4471,  ..., 0.5116, 0.5047, 0.4978]]]],
       grad_fn=<SigmoidBackward0>)]