[tensor([[[[0.5128, 0.5016, 0.4638,  ..., 0.5150, 0.4991, 0.5103],
          [0.4698, 0.5538, 0.4746,  ..., 0.5264, 0.5348, 0.5192],
          [0.4887, 0.4846, 0.4556,  ..., 0.5170, 0.4905, 0.4964],
          ...,
          [0.4758, 0.4730, 0.4884,  ..., 0.5050, 0.5081, 0.5247],
          [0.4753, 0.4721, 0.4880,  ..., 0.4940, 0.4946, 0.5059],
          [0.4858, 0.4980, 0.4989,  ..., 0.4981, 0.4890, 0.5043]]]],
       grad_fn=<SigmoidBackward0>), tensor([[[[0.4976, 0.4334, 0.4749,  ..., 0.4666, 0.4633, 0.4670],
          [0.5724, 0.5083, 0.5053,  ..., 0.4579, 0.4696, 0.4355],
          [0.5930, 0.4682, 0.4347,  ..., 0.3943, 0.3900, 0.3867],
          ...,
          [0.4822, 0.4075, 0.3866,  ..., 0.4124, 0.4205, 0.4267],
          [0.5015, 0.4273, 0.4092,  ..., 0.4227, 0.4285, 0.4428],
          [0.5082, 0.4619, 0.4510,  ..., 0.4636, 0.4717, 0.4826]]]],
       grad_fn=<SigmoidBackward0>), tensor([[[[0.2850, 0.3055, 0.4414,  ..., 0.3883, 0.4147, 0.4406],
          [0.4003, 0.3113, 0.4622,  ..., 0.4347, 0.4589, 0.5596],
          [0.4140, 0.3446, 0.4840,  ..., 0.4731, 0.4724, 0.6021],
          ...,
          [0.3354, 0.3288, 0.3373,  ..., 0.3249, 0.3252, 0.3162],
          [0.3366, 0.3341, 0.3429,  ..., 0.3377, 0.3354, 0.3157],
          [0.3393, 0.3357, 0.3404,  ..., 0.3401, 0.3354, 0.3179]]]],
       grad_fn=<SigmoidBackward0>), tensor([[[[0.4279, 0.4189, 0.4439,  ..., 0.4337, 0.4433, 0.4627],
          [0.4318, 0.4285, 0.4175,  ..., 0.4043, 0.4100, 0.4458],
          [0.4255, 0.4309, 0.4338,  ..., 0.4173, 0.4170, 0.4611],
          ...,
          [0.3727, 0.3381, 0.3563,  ..., 0.3586, 0.3795, 0.3838],
          [0.3849, 0.3502, 0.3612,  ..., 0.3680, 0.3825, 0.3884],
          [0.4007, 0.3766, 0.3832,  ..., 0.3824, 0.3907, 0.4016]]]],
       grad_fn=<SigmoidBackward0>)]