[tensor([[[[0.4837, 0.4879, 0.4932,  ..., 0.4389, 0.4254, 0.4443],
          [0.4964, 0.4868, 0.4882,  ..., 0.4806, 0.4647, 0.4543],
          [0.4916, 0.4777, 0.4802,  ..., 0.4928, 0.4311, 0.4478],
          ...,
          [0.4917, 0.4746, 0.4809,  ..., 0.4652, 0.4355, 0.4374],
          [0.5024, 0.4855, 0.4859,  ..., 0.4749, 0.4538, 0.4481],
          [0.5244, 0.5132, 0.5056,  ..., 0.3851, 0.4284, 0.4189]]]],
       grad_fn=<SigmoidBackward0>), tensor([[[[0.4451, 0.4190, 0.3939,  ..., 0.4836, 0.4776, 0.4840],
          [0.4544, 0.4242, 0.3978,  ..., 0.4374, 0.4521, 0.4557],
          [0.4668, 0.4295, 0.3982,  ..., 0.4070, 0.3998, 0.4095],
          ...,
          [0.4772, 0.4328, 0.3880,  ..., 0.4405, 0.4270, 0.3880],
          [0.4540, 0.4164, 0.3850,  ..., 0.4191, 0.4447, 0.4665],
          [0.4415, 0.4201, 0.4072,  ..., 0.4453, 0.4315, 0.3923]]]],
       grad_fn=<SigmoidBackward0>), tensor([[[[0.3066, 0.3041, 0.3039,  ..., 0.4538, 0.4281, 0.4272],
          [0.2903, 0.2940, 0.3138,  ..., 0.4314, 0.4257, 0.4716],
          [0.2933, 0.3180, 0.3509,  ..., 0.4454, 0.4755, 0.5009],
          ...,
          [0.3020, 0.3161, 0.3337,  ..., 0.3711, 0.4348, 0.4797],
          [0.3124, 0.3289, 0.3497,  ..., 0.4625, 0.5439, 0.5689],
          [0.3493, 0.3751, 0.4098,  ..., 0.3841, 0.3848, 0.5599]]]],
       grad_fn=<SigmoidBackward0>), tensor([[[[0.3926, 0.3582, 0.3581,  ..., 0.4019, 0.4094, 0.4252],
          [0.3603, 0.3377, 0.3486,  ..., 0.3992, 0.4093, 0.4232],
          [0.3564, 0.3304, 0.3467,  ..., 0.4070, 0.4138, 0.4226],
          ...,
          [0.3513, 0.3282, 0.3460,  ..., 0.4057, 0.4014, 0.4125],
          [0.3613, 0.3485, 0.3605,  ..., 0.4080, 0.4128, 0.4294],
          [0.3772, 0.3777, 0.3915,  ..., 0.4268, 0.4140, 0.4601]]]],
       grad_fn=<SigmoidBackward0>)]